2579.3234506354834
2591.272162269215
2594.0314314635457
2587.52331466114
2579.951157662511
2569.802904506072
2553.6468617208684
2535.3208077630848
2518.3134078160706
2503.4984369731087
2490.9333017003923
2480.4285112861135
2471.6590675543307
2464.267348395591
2457.9402414739975
2452.4381373722263
2447.5915467412033
2443.2854691574403
2439.443403661032
2436.016585542238
2432.9786188808675
2430.2812532124667
2427.470147057371
2423.4487544070025
2418.62090762485
2414.015838417617
2409.7299452695324
2405.5427360269605
2401.2551238795045
2396.723888210007
2391.849171280342
2386.5675699478584
2380.8512433261853
2374.6956149791654
2368.040246699255
2360.656852969246
2352.5563097089685
2344.204643844008
2335.9825286003975
2328.1017268890223
2320.7303796797314
2314.0270312518987
2308.07792975238
2302.684521366987
2297.175168672796
2290.9156007702895
2283.993866432746
2276.842608255465
2269.748458812167
2262.824527601159
2256.100059974961
2249.5771696000706
2243.2559242703373
2237.1414630573336
2231.2418299385554
2225.563059036636
2220.1057790635923
2214.864571316378
2209.829278350765
2204.9870509792277
2200.324310367031
2195.8282253838506
2191.487573269967
2187.2930219677683
2183.236990427267
2179.313303450294
2175.516847225148
2171.843359571936
2168.289384798293
2164.8523259516855
2161.530475463559
2158.322921141688
2155.2292960913082
2152.249422917113
2149.3829470365895
2146.6290456437596
2143.9862572903035
2141.4524326830137
2139.0247792418004
2136.6999630723844
2134.4742359634656
2132.3435642455925
2130.303745770422
2128.350508618827
2126.4795899867486
2124.6867964393755
2122.968047996581
2121.319408885026
2119.73710767975
2118.217549226141
2116.7573203352545
2115.3531908592227
2114.0021114144006
2112.7012087358858
2111.4477794175045
2110.2392826091336
2109.0733320996906
2107.9476881031915
2106.860248978737
2105.8090430494217
2104.792220634803
2103.8080463733095
2102.8548918832275
2101.9312287894722
2101.0356221290444
2100.1667241371515
2099.3232684090335
2098.5040644278597
2097.707992445867
2096.9339987043936
2096.181090977363
2095.448334422323
2094.7348477229293
2094.0397995068474
2093.362405022924
2092.7019230617634
2092.057653103866
2091.4289326797457
2090.815134926707
2090.2156663273613
2089.629964615291
2089.0574968341384
2088.497757536875
2087.9502671128453
2087.4145702311907
2086.890234390176
2086.376848562887
2085.8740219308047
2085.3813826978358
2084.898576978079
2084.42526775176
2083.961133884309
2083.505869204332
2083.059181636735
2082.620792387861
2082.190435179794
2081.7678555311654
2081.352810082315
2080.9450659624795
2080.5444001971828
2080.150599153629
2079.763458022419
2079.382780333648
2079.0083775056173
2078.640068424505
2078.277679053136
2077.9210420674835
2077.5699965191825
2077.2243875226854
2076.8840659657103
2076.548888241727
2076.218716003273
2075.8934159351516
2075.572859546337
2075.25692297997
2074.9454868403054
2074.638436036073
2074.335659639247
2074.037050758532
2073.7425064267736
2073.451927501142
2073.1652185753765
2072.882287902626
2072.6030473278024
2072.327412227839
2072.055301458388
2071.786637304994
2071.5213454370637
2071.259354862567
2071.0005978815143
2070.7450100363776
2070.4925300574982
2070.2430998020636
2069.996664185148
2069.753171101912
2069.512571340282
2069.2748184838356
2069.0398688050527
2068.8076811494
2068.5782168109818
2068.3514394008444
2068.127314708841
2067.905810560282
2067.686896668121
2067.470544481357
2067.256727029999
2067.045418766059
2066.836595400196
2066.63023373229
2066.426311474413
2066.2248070636347
2066.025699462064
2065.8289679414406
2065.6345918493816
2065.4425503551693
2065.2528221734433
2065.0653852655246
2064.880216519653
2064.697291413318
2064.5165836634924
2064.338064873029
2064.1617041844415
2063.987467954946
2063.8153194692595
2063.6452187082655
2063.477122192924
2063.3109829223013
2063.146750423126
2062.984370924878
2062.8237876694443
2062.664941358153
2062.5077707309015
2062.35221326405
2062.1982059650454
2062.0456862341234
2061.8945927574446
2061.744866392072
2061.5964510028152
2061.449294213215
2061.3033480387126
2061.1585693780266
2061.0149203486435
2060.8723684623287
2060.730886646206
2060.5904531226033
2060.4510511665367
2060.312668762707
2060.175298184391
2060.038935515463
2059.903580134248
2059.769234174848
2059.635901978128
2059.503589542176
2059.372303979537
2059.2420529869323
2059.1128443325397
2058.984685365032
2058.8575825489215
2058.7315410303167
2058.6065642380636
2058.4826535250763
2058.359807855347
2058.2380235424057
2058.1172940454962
2057.9976098299794
2057.8789582987474
2057.7613238015756
2057.64468772866
2057.5290286940262
2057.414322812895
2057.3005440748643
2057.187664811933
2057.075656256486
2056.96448918004
2056.854134598549
2056.7445645247362
2056.635752742799
2056.527675576383
2056.420312616824
2056.3136473771197
2056.207667837189
2056.102366848502
2055.997742372154
2055.8937975315116
2055.790540470813
2055.6879840217825
2055.5861451908318
2055.4850444894114
2055.38470513721
2055.285152173127
2055.1864115105204
2055.0885089721564
2054.9914693369346
2054.8953154252645
2054.8000672436674
2054.7057412031036
2054.6123494198023
2054.519899102638
2054.428392028097
2054.33782410248
2054.2481850113168
2054.159457958165
2054.0716194981537
2053.9846394763354
2053.898481085206
2053.813101060246
2053.728450034898
2053.6444730775193
2053.561110430031
2053.478298462745
2053.3959708496795
2053.3140599553626
2053.232498406865
2053.1512208054637
2053.0701655114412
2052.9892764161445
2052.908504598539
2052.827809753782
2052.7471612797126
2052.6665389177037
2052.5859328677952
2052.5053433339467
2052.4247795025835
2052.3442580095916
2052.2638010030814
2052.1834339525763
2052.103183382247
2052.0230747133137
2051.9431303834226
2051.863368374027
2051.783801224428
2051.704435552421
2051.6252720473994
2051.546305858473
2051.4675272743984
2051.3889225846033
2051.3104750176576
2051.232165672418
2051.153974379724
2051.0758804567577
2050.997863336153
2050.9199030679197
2050.8419807026294
2050.7640785701697
2050.686180470996
2050.6082717965255
2050.5303395942537
2050.4523725911145
2050.3743611863865
2050.296297424023
2050.218174952426
2050.1399889789964
2050.0617362259813
2049.983414893806
2049.9050246382253
2049.826566567585
2049.748043267248
2049.669458858737
2049.5908191021776
2049.512131551947
2049.4334057767346
2049.354653656481
2049.275889769463
2049.197131881466
2049.1184015452804
2049.0397248085374
2048.961133010098
2048.8826636145172
2048.804360988875
2048.7262769651607
2048.648470960969
2048.5710093670905
2048.4939638844994
2048.4174085490417
2048.3414153656304
2048.2660488015335
2048.191359813218
2048.1173804665164
2048.0441203617006
2047.971565838133
2047.899682310274
2047.828419286103
2047.7577169620229
2047.6875130285164
2047.6177485036978
2047.548371884201
2047.4793414315686
2047.4106258173008
2047.3422035602143
2047.2740617278598
2047.2061943047902
2047.1386005179659
2047.0712832980248
2047.0042479671429
2046.9375011820373
2046.8710501250118
2046.8049019162422
2046.7390632140261
2046.67353996906
2046.6083373016627
2046.5434594752019
2046.4789099430175
2046.414691450069
2046.3508061735467
2046.2872558891902
2046.2240421521683
2046.1611664829204
2046.0986305497943
2046.0364363416104
2045.9745863243534
2045.9130835774902
2045.85193190642
2045.791135928595
2045.7307011320977
2045.6706339059479
2045.6109415426204
2045.5516322133753
2045.492714917676
2045.4341994079398
2045.3760960908576
2045.3184159064474
2045.2611701856017
2045.204370486882
2045.1480284133722
2045.0921554105678
2045.0367625473752
2044.9818602832213
2044.9274582264652
2044.8735648908723
2044.8201874595877
2044.7673315671896
2044.7150011119893
2044.6631981099836
2044.6119226006697
2044.5611726119794
2044.5109441872223
2044.4612314731812
2044.4120268635236
2044.363321188696
2044.3151039408356
2044.2673635215858
2044.220087500756
2044.17326287575
2044.126876323346
2044.0809144385994
2044.0353639578123
2043.9902119656
2043.9454460876061
2043.901054673037
2043.8570269717113
2043.8133533117204
2043.770025283973
2043.7270359397005
2043.6843800067238
2043.6420541292794
2043.6000571355005
2043.558390335696
2043.5170578542122
2043.47606699812
2043.435428667037
2043.3951578115418
2043.3552739517952
2043.3158017740832
2043.2767718300174
2043.2382213705548
2043.2001953514448
2043.1627476460787
2043.1259424878085
2043.089856129392
2043.0545786426087
2043.020215675822
2042.986889844006
2042.9547412594688
2042.9239265714648
2042.894615843863
2042.8669867398453
2042.8412158141878
2042.8174671044317
2042.7958783690567
2042.7765449594194
2042.7595004781163
2042.7446927444546
2042.7319544030615
2042.720971036436
2042.7112559046873
2042.7021465808036
2042.6928391353697
2042.6824664256774
2042.6702110128233
2042.6554249792785
2042.637715173719
2042.6169599382401
2042.5932586983372
2042.5668501174048
2042.5380376240237
2042.507140355749
2042.4744679770365
2042.440310531182
2042.4049356489547
2042.368588679022
2042.331493616466
2042.2938538179883
2042.2558519629906
2042.2176489818805
2042.1793818938527
2042.1411607126195
2042.1030647925872
2042.065139199558
2042.0273918887654
2041.9897926329988
2041.9522747172957
2041.9147403462457
2041.8770704201115
2041.8391387471786
2041.8008298128539
2041.7620579764439
2041.7227847151166
2041.68302988841
2041.6428736529483
2041.6024478701001
2041.5619189451754
2041.521466578882
2041.4812636268557
2041.44146097075
2041.4021789621177
2041.3635048795575
2041.3254946845334
2041.2881771810248
2041.251559078364
2041.2156300073532
2041.1803670061859
2041.1457382989774
2041.11170635855
2041.0782303201668
2041.0452678390993
2041.0127764847293
2040.980714756509
2040.949042795281
2040.9177228528865
2040.8867195728274
2040.8560001261233
2040.8255342384466
2040.795294138464
2040.7652544509476
2040.7353920537398
2040.705685913367
2040.6761169105612
2040.6466676645557
2040.6173223624328
2040.5880665982284
2040.55888722532
2040.5297722242517
2040.5007105877214
2040.4716922233727
2040.4427078749177
2040.413749061306
2040.3848080333487
2040.3558777466349
2040.326951849341
2040.2980246829316
2040.2690912933815
2040.2401474503463
2040.211189671339
2040.1822152476934
2040.1532222693013
2040.1242096448136
2040.0951771145292
2040.0661252531527
2040.037055460356
2040.0079699373284
2039.9788716483927
2039.9497642671479
2039.920652107548
2039.891540040838
2039.8624333998405
2039.8333378728937
2039.8042593897105
2039.7752040021403
2039.7461777627514
2039.717186604097
2039.688236221844
2039.6593319640886
2039.6304787295999
2039.6016808769214
2039.5729421461317
2039.5442655946567
2039.5156535481406
2039.4871075670153
2039.4586284292088
2039.4302161288458
2039.4018698908396
2039.3735882007622
2039.3453688490345
2039.3172089885118
2039.2891052040402
2039.261053592359
2039.2330498505605
2039.2050893712103
2039.17716734197
2039.1492788474852
2039.1214189715001
2039.0935828968738
2039.0657660016054
2039.037963948806
2039.0101727691135
2038.9823889338008
2038.9546094176435
2038.9268317502185
2038.8990540550803
2038.871275076047
2038.843494190227
2038.8157114073606
2038.7879273553053
2038.760143251392
2038.732360859508
2038.7045824327565
2038.6768106417917
2038.6490484886344
2038.6212992064252
2038.593566145513
2038.5658526465625
2038.5381619018801
2038.5104968063918
2038.4828598000774
2038.455252703983
2038.427676552007
2038.4001314206828
2038.3726162587525
2038.345128717692
2038.3176649836328
2038.290219609313
2038.2627853434535
2038.235352952747
2038.2079110291852
2038.1804457728122
2038.1529407367645
2038.1253765174674
2038.0977303681893
2038.0699757071543
2038.0420814816814
2038.0140113335965
2037.9857224843588
2037.957164210986
2037.928275702533
2037.8989829515072
2037.8691941341565
2037.8387927114939
2037.8076274733592
2037.7754996677672
2037.7421507662264
2037.7072623886945
2037.6704917850966
2037.6315706617436
2037.5904663649208
2037.5475313685556
2037.503510870268
2037.4593442423734
2037.4158635152937
2037.373578720832
2037.3326504984689
2037.2930034358708
2037.2544723529313
2037.2169075851434
2037.1802229334553
2037.1444026851138
2037.109489546734
2037.0755686957707
2037.0427554872301
2037.0111892541688
2036.981032942144
2036.9524769724883
2036.925744873603
2036.9010973257384
2036.8788301535687
2036.8592608022977
2036.842698075898
2036.8293932036963
2036.8194773276132
2036.8128964118948
2036.8093442294198
2036.8081430850402
2036.8078969628714
2036.8054633677489
2036.793225182665
2036.7541222183302
2036.6686607235413
2036.5753093428657
2036.5638893105847
2036.5946926484096
2036.567147600264
2036.5100549367546
2036.4457045192844
2036.3794391814226
2036.3131338754843
2036.2469778792868
2036.180971319275
2036.1161618396807
2036.054744122698
2035.9993365487073
2035.9520741944382
2035.9140500347505
2035.8852538362778
2035.8648373801584
2035.851439365887
2035.8434135369373
2035.8389610535125
2035.8362487467962
2035.833585346457
2035.8296416437727
2035.8236141097107
2035.8152378949305
2035.8046512063133
2035.7922001917705
2035.7782770820345
2035.763230074821
2035.7473345857907
2035.7307981624158
2035.7137761680704
2035.696386398214
2035.6787193613636
2035.660845231805
2035.6428196260529
2035.6246898232441
2035.606501765126
2035.5883067392654
2035.5701656918689
2035.5521492467983
2035.5343329196169
2035.516789108408
2035.49957897396
2035.4827472321108
2035.4663211981645
2035.4503133210014
2035.4347252338855
2035.4195514472979
2035.404781693854
2035.3904018444148
2035.3763938170337
2035.3627349853107
2035.349397452914
2035.3363473855256
2035.3235444712152
2035.3109415325741
2035.2984843129134
2035.2861114874631
2035.2737549832002
2035.2613407390963
2035.2487900633737
2035.2360218067151
2035.2229555566375
2035.2095159987728
2035.1956391774916
2035.181277348937
2035.1664178334538
2035.1510457451202
2035.1353395568167
2035.1189574085474
2035.1037009549311
2035.0869233882888
2035.091657714736
