0.232450,0.049726,3
0.174275,0.227676,3
0.618663,-0.863170,1
0.619126,0.661834,0
0.393633,0.646581,0
-0.902146,-0.674733,3
-0.343447,0.569233,1
-0.244122,0.758368,1
-0.240108,0.805192,2
-0.342209,-0.610693,0
-0.011343,-0.369792,3
0.105360,-0.148361,2
-0.760757,0.743400,1
0.642832,0.996330,3
0.658891,0.150908,0
0.664330,-0.108659,2
-0.799366,-0.161396,3
-0.880983,0.819297,2
-0.024565,0.738143,2
0.481131,-0.630932,1
0.384724,0.578985,0
-0.305665,-0.958723,3
0.148218,0.450213,0
0.799645,0.908110,3
0.255405,-0.542564,1
-0.702583,-0.755938,0
0.087643,0.402777,3
0.095701,0.326887,3
0.146177,-0.261468,2
0.323217,-0.194932,1
0.889440,-0.012454,2
0.696408,-0.909926,2
0.826151,0.815425,3
0.909371,-0.198414,2
0.553568,0.390502,0
0.170653,-0.061708,2
-0.030513,0.864988,2
-0.020431,-0.882295,3
0.315202,-0.220786,1
-0.974185,-0.429394,3
0.236650,-0.676768,1
-0.185331,-0.675707,0
0.726009,0.910369,3
0.651180,-0.127814,2
-0.351098,-0.025604,3
0.677253,-0.461658,1
0.961943,0.373662,3
-0.371584,0.788093,1
0.189087,-0.462213,1
-0.410321,-0.257345,0
0.928289,0.760332,3
0.680948,-0.102224,2
0.625320,-0.339483,1
0.015481,-0.059478,2
0.439731,0.041296,3
0.511128,-0.323619,1
0.364528,-0.674203,1
0.000674,0.090537,3
-0.763834,-0.348147,0
0.962722,-0.114932,2
0.626250,0.639976,0
0.423410,0.588192,0
0.013637,-0.948174,2
0.376285,-0.797276,1
-0.410387,0.965964,2
-0.054620,-0.482098,3
0.726296,-0.373673,1
0.415678,0.351617,0
0.286844,-0.568841,1
-0.707862,-0.273425,0
0.472456,0.803267,0
0.402956,-0.163016,1
-0.870937,-0.596370,0
0.927521,-0.634771,2
0.055483,0.890243,3
0.250297,-0.318267,1
0.530219,-0.326294,1
-0.730075,-0.456144,0
-0.274468,0.646210,1
-0.253420,0.315145,1
0.612175,0.691960,0
0.833047,0.338471,0
-0.681713,0.248725,1
-0.309912,0.605132,1
0.679884,-0.017774,2
-0.668293,0.152339,1
-0.214507,0.734663,1
0.989323,-0.085444,2
-0.861707,0.916844,2
0.279785,0.193776,0
0.807087,-0.469919,1
0.875509,0.337305,3
0.203788,-0.854566,2
0.881161,0.929320,3
0.791644,-0.372259,1
0.244465,0.403819,0
-0.680299,0.077512,2
-0.257710,-0.362012,0
-0.673763,0.432378,1
-0.756881,-0.993880,3
-0.585396,-0.425174,0
0.158460,0.200096,3
-0.690511,0.147783,2
-0.885348,-0.552218,0
0.064626,0.394437,3
0.641558,-0.128287,1
0.924518,0.517067,3
-0.790982,0.128306,2
0.662501,-0.909821,2
0.057626,0.454145,3
-0.282080,-0.697909,0
-0.142036,0.037621,2
0.379604,0.600254,0
0.675609,0.705840,0
0.032632,0.918728,3
0.711961,0.447235,0
-0.506446,-0.129580,0
-0.352668,-0.196957,0
-0.981797,-0.238016,3
0.250825,0.082829,3
-0.843579,-0.107617,3
0.954541,-0.919061,2
-0.590551,-0.836441,0
0.209245,-0.928050,2
-0.746262,-0.733129,0
0.526095,-0.028342,2
-0.431037,-0.615942,0
-0.990721,0.948566,2
0.984312,0.684888,3
0.654406,0.016943,3
0.603616,0.366367,0
-0.535821,-0.902830,3
-0.763213,0.111511,2
-0.099786,-0.745010,3
0.873495,-0.848961,2
0.337818,-0.970085,2
0.043422,0.292360,3
-0.889145,0.452871,1
0.455919,0.320100,0
0.524821,0.709657,0
0.586971,0.050916,3
-0.318685,-0.844066,0
0.434974,-0.309406,1
-0.895500,0.419286,2
-0.624518,0.758907,1
-0.563771,0.979097,2
0.125274,-0.099592,2
-0.923732,0.362061,2
-0.988081,-0.023518,3
0.617050,0.885413,3
0.127521,-0.045131,2
0.915329,-0.829057,2
-0.752771,-0.973817,3
0.623814,0.703148,0
0.346283,0.148635,0
0.412805,-0.066746,2
-0.800449,-0.905880,3
0.089188,0.634524,3
-0.215286,0.193689,2
0.053810,0.160196,3
-0.047404,0.490040,2
0.139293,-0.922131,2
-0.609552,0.215561,1
0.439930,-0.597633,1
-0.807957,0.056981,2
-0.712220,0.319564,1
-0.988151,-0.796891,3
0.490507,-0.740922,1
-0.770708,0.114321,2
0.962225,0.575575,3
-0.737044,0.375030,1
-0.491171,-0.537494,0
0.469150,0.598018,0
-0.902969,-0.746136,3
-0.208294,0.150841,2
0.414060,0.744302,0
-0.359119,-0.446647,0
0.822171,0.031329,3
0.768915,0.262101,0
0.433696,0.960958,3
-0.680918,0.721476,1
0.280522,-0.669069,1
0.924585,-0.228972,2
-0.409991,-0.846123,0
0.885349,-0.447765,1
0.729452,-0.851695,2
0.927265,-0.761719,2
-0.389189,0.396415,1
0.836299,-0.292158,1
0.650279,-0.371995,1
0.858683,0.064340,3
-0.627693,-0.500436,0
0.617693,-0.805522,1
0.530893,0.386608,0
0.456579,-0.035411,2
0.347565,0.775661,0
-0.313935,-0.371913,0
-0.893407,-0.389350,3
0.399115,-0.303398,1
-0.235473,0.284464,1
0.248837,-0.506021,1
0.432769,0.176101,0
-0.267740,-0.956420,3
-0.427484,-0.431441,0
-0.248578,-0.777204,0
0.196564,-0.389894,1
0.287135,0.568871,0
0.109670,-0.095172,2
0.763349,-0.359437,1
-0.708564,0.219929,1
0.605152,0.639001,0
-0.004410,-0.708782,3
-0.732912,0.102183,2
-0.098133,0.666204,2
0.798784,0.666394,0
-0.049332,0.047621,2
-0.839627,-0.616563,0
-0.776278,-0.107367,3
-0.572983,-0.203761,0
0.461193,0.178440,0
0.019035,-0.342243,2
0.788545,-0.693830,1
-0.773372,-0.101785,3
0.210998,0.989978,3
0.538779,0.502434,0
0.209906,0.143931,3
0.141435,-0.794504,2
0.435149,0.408523,0
0.307679,-0.662984,1
0.074727,0.106463,3
-0.996589,-0.974605,3
-0.845916,-0.836216,3
-0.591168,-0.622193,0
0.056417,-0.164151,2
0.174045,-0.482390,1
-0.985711,-0.806920,3
0.175367,0.802835,3
-0.500751,0.401995,1
-0.298950,0.710247,1
0.391973,-0.760171,1
0.212681,-0.398121,1
0.383760,-0.645884,1
-0.192625,-0.181091,3
0.762639,-0.884946,2
0.155925,-0.162634,2
0.221517,0.159336,3
-0.137240,0.375602,1
0.323119,0.271592,0
0.753408,-0.620463,1
-0.892558,-0.072547,3
-0.102854,-0.878269,3
0.120533,-0.927487,2
0.924565,0.619782,3
0.474508,-0.374385,1
0.330030,-0.133519,2
-0.134556,-0.457289,0
0.468361,-0.750796,1
-0.103173,-0.724264,3
0.068113,-0.340534,2
-0.609210,-0.775961,0
0.496832,0.612307,0
0.383374,-0.640408,1
-0.012091,-0.293506,3
0.631185,-0.258683,1
0.086030,0.738626,3
0.668770,0.983177,3
0.860357,-0.210697,2
-0.944310,0.784922,2
-0.590914,0.530198,1
-0.589462,0.739115,1
-0.603320,0.275982,1
-0.718174,0.865040,2
0.525186,0.178653,0
-0.859224,-0.406700,0
0.838119,-0.468434,1
-0.182662,0.334951,1
-0.856127,-0.799288,3
0.694543,0.131782,3
-0.092794,0.325728,2
0.873099,0.993237,3
0.064354,0.541869,3
0.976413,-0.075289,2
-0.668828,-0.967897,3
-0.290367,-0.259743,0
0.562301,0.120171,0
-0.520628,0.958981,2
-0.603847,-0.238801,0
0.824021,0.921339,3
0.939852,0.964797,3
-0.485362,0.777971,1
-0.503637,0.331976,1
0.112921,-0.359764,2
0.532689,-0.192535,1
0.772018,-0.560105,1
-0.866808,0.645117,1
-0.566868,0.197546,1
0.186985,-0.590455,1
-0.877743,0.518157,1
-0.558352,-0.168109,0
-0.741586,-0.996050,3
0.952061,-0.262214,2
0.962931,-0.651786,2
0.498985,0.786952,0
-0.730447,0.438837,1
0.751749,-0.215809,1
0.216807,-0.751888,1
-0.883833,-0.670271,3
-0.111652,0.648856,2
0.137193,-0.339634,1
-0.911249,0.270386,2
-0.694518,-0.478117,0
-0.532068,0.492467,1
-0.068573,-0.409810,3
0.010624,0.373075,3
0.422081,0.269038,0
0.377025,0.374142,0
-0.993175,0.339956,2
0.722356,0.505810,0
0.126907,0.991909,3
-0.055354,-0.121344,3
-0.223900,-0.838547,3
0.126768,-0.107733,2
-0.508818,-0.984884,3
-0.458877,0.628376,1
-0.324519,-0.370126,0
-0.101238,-0.019036,3
0.151757,0.366694,0
-0.526569,-0.916816,3
0.956884,0.484055,3
0.456259,0.378965,0
-0.246907,-0.166715,3
-0.246893,-0.240082,0
-0.826760,-0.524537,0
-0.734272,0.300148,1
-0.532628,0.210374,1
-0.821196,0.243472,2
0.371827,0.305572,0
-0.864261,0.863009,2
0.320687,-0.323138,1
0.491385,0.996169,3
0.306736,-0.609853,1
-0.022868,-0.541508,3
0.756841,0.450563,0
-0.458324,0.713725,1
-0.065382,0.997936,2
0.092690,0.687712,3
-0.168780,0.845796,2
-0.552370,0.004460,2
-0.678741,-0.286643,0
-0.695392,-0.211369,0
0.923731,-0.516588,2
-0.967897,0.295558,2
0.788983,-0.832159,2
0.158568,0.109671,3
-0.155297,-0.350047,0
0.105839,-0.848562,2
0.040100,-0.917029,2
-0.390069,-0.203059,0
0.533535,0.151607,0
-0.489334,-0.531847,0
0.149542,0.603355,0
-0.844136,0.980762,2
0.449151,-0.396506,1
-0.014777,0.770411,2
0.316851,0.289831,0
-0.440958,0.240582,1
0.773243,-0.408856,1
-0.463859,0.562226,1
-0.241015,0.694709,1
-0.328103,0.603688,1
-0.655338,0.777736,1
0.755126,0.384762,0
0.860708,-0.634943,1
-0.818298,0.394242,1
0.516664,-0.307632,1
0.862395,-0.333794,1
-0.704277,-0.981741,3
-0.353031,0.744874,1
-0.378247,0.632192,1
0.515285,0.938604,3
-0.077977,-0.925674,3
0.179187,-0.304734,1
-0.334530,0.715327,1
-0.742508,0.424456,1
0.410036,-0.070611,2
0.028144,0.754698,3
-0.292874,-0.216730,0
0.139459,-0.432167,1
0.148327,0.321161,0
0.962076,-0.335009,2
-0.986471,0.824471,2
0.331197,-0.690748,1
0.842730,0.978166,3
-0.945873,-0.535517,3
0.610358,0.569412,0
-0.596912,-0.467620,0
0.643738,0.582274,0
0.227646,-0.690792,1
0.297602,0.485138,0
0.733664,-0.292362,1
-0.585473,-0.238192,0
-0.537665,0.121653,1
0.545078,0.601794,0
0.689486,-0.306595,1
-0.077044,0.651562,2
0.358397,-0.063515,2
0.476033,-0.310406,1
0.245737,0.318763,0
-0.332240,0.299864,1
0.783246,-0.721883,1
-0.130725,-0.813666,3
-0.189503,-0.486987,0
0.768608,-0.961857,2
-0.177778,0.066210,2
0.523281,-0.444114,1
0.773848,0.937808,3
0.317693,-0.763817,1
0.059461,-0.137228,2
0.837977,-0.251053,2
0.556177,-0.239067,1
-0.599491,-0.085426,3
0.697417,0.876542,3
0.604167,-0.056845,2
0.195305,-0.728073,1
-0.756982,-0.021449,3
-0.449956,0.112294,1
0.164885,0.360542,0
0.625307,-0.066507,2
0.398685,-0.552472,1
0.999703,-0.078034,2
0.003414,0.773551,3
-0.140225,-0.678892,3
-0.990266,0.919236,2
0.183879,0.847711,3
-0.331817,-0.259944,0
-0.391357,0.068693,2
0.654630,-0.693939,1
-0.054765,0.258797,2
0.249215,-0.859461,2
0.530724,0.492234,0
0.119091,-0.919232,2
-0.395473,-0.716024,0
0.441310,-0.770166,1
0.217469,-0.160005,2
-0.322637,0.217172,1
0.761962,0.680777,0
-0.009277,-0.378263,3
-0.998115,0.000457,2
-0.459027,0.185764,1
-0.151832,0.209156,2
0.925820,0.456811,3
-0.722151,0.580450,1
0.762872,0.223084,0
-0.160753,0.012087,2
0.363623,-0.630029,1
-0.495679,-0.517286,0
-0.549260,0.108848,1
-0.233311,0.892050,2
0.338682,0.984158,3
-0.267955,-0.983955,3
0.201331,-0.505993,1
0.696822,-0.807946,1
0.115744,0.698706,3
0.192511,0.656717,0
-0.115530,-0.959321,3
-0.134127,-0.189710,3
0.497489,0.143722,0
-0.609260,0.260361,1
-0.633194,0.229987,1
-0.727552,0.730429,1
0.599958,-0.223232,1
-0.786858,-0.949303,3
0.885616,-0.020168,2
0.942747,0.224298,3
-0.036010,-0.325208,3
0.240343,-0.834680,2
0.168799,-0.062835,2
-0.642626,-0.715457,0
-0.364129,0.549885,1
0.941260,0.520341,3
0.590564,-0.192867,1
-0.669369,0.088053,2
0.950855,-0.278629,2
-0.651586,-0.682339,0
0.951358,-0.379139,2
-0.951911,0.551316,2
0.397629,-0.738768,1
0.602013,0.283246,0
0.241063,0.544760,0
-0.492456,-0.794947,0
-0.780448,0.747887,1
-0.629626,0.388351,1
-0.314948,-0.272252,0
0.672894,0.320923,0
-0.722367,0.614153,1
-0.158736,0.868197,2
-0.578714,0.171896,1
-0.043750,-0.627859,3
0.893267,0.304664,3
-0.310199,0.844625,1
0.925525,-0.262110,2
0.395940,0.323154,0
-0.000878,-0.002047,3
-0.393600,-0.759814,0
-0.457287,0.113944,1
-0.554761,-0.237736,0
-0.138169,-0.184388,3
-0.849385,0.546883,1
0.543360,0.823508,0
-0.132194,0.820993,2
0.437661,0.709070,0
0.689190,0.858947,3
-0.119034,-0.354560,3
-0.768912,-0.225768,0
0.950103,-0.079111,2
-0.381143,0.875628,1
0.658780,-0.985203,2
0.198783,-0.342098,1
0.012751,0.805183,3
-0.101913,0.555463,2
-0.080873,0.343326,2
-0.682273,0.780957,1
-0.841062,-0.531658,0
0.327840,0.702299,0
-0.708150,-0.804354,0
0.523292,0.729512,0
0.904715,0.212482,3
0.588459,-0.214319,1
0.857922,0.819547,3
0.559913,0.808025,0
-0.259564,-0.821229,3
0.683654,-0.600784,1
-0.806432,-0.117564,3
0.057117,0.206318,3
-0.312381,0.955205,2
-0.238218,0.606746,1
0.298531,0.079509,3
0.387704,0.457469,0
0.547851,-0.284456,1
0.159767,0.839702,3
-0.088811,-0.316941,3
0.569213,-0.184095,1
0.895541,0.157673,3
0.601586,0.753463,0
-0.022780,0.161499,2
0.561488,0.717656,0
0.340270,0.245141,0
-0.883129,0.533838,1
-0.872422,0.173988,2
-0.259844,-0.184803,0
0.129193,0.501938,0
-0.578057,-0.572276,0
-0.418553,0.809647,1
0.885193,-0.870702,2
-0.474810,0.044960,2
0.968999,0.436379,3
0.728019,0.538213,0
-0.747716,0.623560,1
-0.304115,0.853870,2
0.377023,0.673105,0
0.015369,-0.061489,2
0.390760,-0.644362,1
-0.816348,0.507632,1
0.889476,-0.688770,2
-0.318380,-0.370368,0
0.126427,0.810813,3
-0.868430,0.548370,1
-0.761463,-0.286983,0
0.358017,-0.876271,2
-0.157686,0.883207,2
0.168689,-0.188686,2
0.319586,-0.103292,2
-0.650474,0.571871,1
-0.479732,0.045412,2
0.425740,0.897291,3
-0.281484,-0.558891,0
-0.164198,-0.890723,3
-0.203252,0.019454,2
0.616908,-0.313776,1
0.330684,-0.701471,1
0.315856,-0.542890,1
-0.890658,0.447426,1
-0.994519,-0.652122,3
-0.839558,0.363497,1
-0.528392,0.002756,2
0.246704,0.640297,0
0.814070,-0.433709,1
-0.462995,-0.836404,0
-0.861839,0.057274,2
0.209008,0.563902,0
-0.045435,0.927524,2
-0.994989,0.790367,2
-0.963199,-0.198242,3
-0.190179,0.653709,1
0.487982,-0.859496,1
0.952238,-0.196162,2
-0.402385,-0.938420,3
-0.748737,-0.396905,0
-0.590542,-0.588295,0
0.966592,-0.118934,2
0.414462,0.213297,0
-0.478637,0.228532,1
0.779587,0.058368,3
0.392128,0.917749,3
-0.884358,-0.398865,0
0.481650,0.070207,3
-0.471340,0.486661,1
-0.139426,-0.434539,0
-0.711581,0.670395,1
-0.780830,0.776401,1
0.810899,-0.828592,2
-0.419761,-0.591486,0
-0.767012,-0.168498,3
0.011609,-0.357554,2
0.243207,-0.021798,2
0.523512,-0.342332,1
-0.808501,-0.955125,3
0.886200,0.971086,3
0.103244,0.278328,3
0.888835,0.218886,3
0.879463,0.370485,3
-0.710907,-0.591877,0
-0.142854,0.149668,2
-0.026417,0.145565,2
-0.179937,0.192754,2
-0.078034,-0.369038,3
0.364162,0.502205,0
0.039477,0.597149,3
-0.666294,-0.948914,3
-0.760404,0.576913,1
0.029288,0.763108,3
-0.765418,0.220787,1
0.807983,-0.879218,2
0.191873,-0.088774,2
0.399110,0.080708,3
-0.869888,0.278573,2
-0.548808,-0.580794,0
0.686696,0.308339,0
0.568874,-0.339721,1
-0.546096,-0.611063,0
0.853033,0.375870,0
0.019899,0.217194,3
-0.121925,-0.940624,3
-0.185656,0.211781,2
-0.889538,0.053939,2
-0.211306,0.139750,2
-0.182953,0.023276,2
-0.639464,-0.374970,0
0.144058,0.552409,0
0.536256,-0.456832,1
-0.366883,0.666369,1
0.821741,0.084309,3
-0.914425,0.508436,2
-0.607352,0.654448,1
-0.831284,-0.153448,3
-0.956615,-0.978252,3
-0.777578,0.063284,2
0.238943,0.100496,3
0.122660,-0.946713,2
-0.687723,0.233122,1
0.107226,0.100972,3
-0.627128,0.924273,2
-0.875752,-0.266592,3
-0.450697,0.268306,1
-0.714183,-0.914440,3
0.811474,-0.081066,2
0.751929,0.633215,0
-0.996757,0.837503,2
0.141651,-0.604109,1
0.491952,0.310367,0
0.242443,0.535337,0
0.332115,0.464864,0
-0.401379,-0.428942,0
-0.434640,0.721281,1
-0.375655,-0.122362,0
-0.045597,0.731571,2
0.978610,0.327274,3
0.655844,-0.897142,2
-0.939317,-0.794852,3
0.371164,-0.653500,1
-0.709293,0.182638,1
0.265434,-0.957364,2
-0.184147,0.268677,1
0.880139,0.957504,3
0.664568,0.372091,0
0.267870,-0.092989,2
-0.092572,-0.400015,3
-0.628125,0.506049,1
0.171043,-0.062765,2
0.227331,0.795388,3
0.814873,-0.818267,2
0.526959,0.793483,0
0.509008,0.182803,0
0.896341,0.569690,3
0.387951,0.267505,0
0.916190,0.678658,3
-0.549857,0.181624,1
0.721294,0.265996,0
-0.549699,0.601434,1
0.223499,-0.885131,2
-0.026475,-0.508631,3
0.021880,0.880953,3
0.091355,0.393755,3
0.387003,-0.737602,1
-0.669010,-0.385667,0
-0.942214,-0.854137,3
-0.203933,0.584745,1
0.939346,-0.694925,2
-0.232452,0.835687,2
0.874765,-0.844502,2
0.103191,0.790955,3
0.834156,0.553334,0
-0.027420,0.555450,2
-0.180670,0.422881,1
0.156884,-0.957171,2
0.537750,-0.869591,1
-0.465801,-0.440370,0
-0.988638,0.625553,2
0.953385,0.398365,3
0.887951,-0.715626,2
-0.987302,0.945737,2
-0.569763,-0.191235,0
0.530482,-0.630417,1
0.113840,-0.701971,2
-0.794730,-0.011395,3
-0.546472,0.308461,1
-0.220439,-0.712316,0
-0.138204,0.752140,2
0.843134,0.681126,0
0.175021,0.000018,3
0.723955,-0.287229,1
0.130428,-0.741846,2
0.272401,0.141790,3
0.883708,0.225785,3
-0.459845,0.771659,1
0.510160,-0.447146,1
0.717396,0.940397,3
0.361619,0.247878,0
-0.690020,-0.524541,0
0.545907,-0.484750,1
0.464064,0.999435,3
0.823711,-0.756375,2
-0.712881,-0.314493,0
0.995765,-0.869747,2
-0.633367,0.170786,1
0.130272,-0.909411,2
0.883556,-0.739301,2
-0.651257,0.155957,1
0.402490,-0.767550,1
-0.618258,0.942645,2
-0.995890,0.891902,2
-0.504501,0.721506,1
0.832299,0.857118,3
-0.030616,-0.857721,3
-0.667423,-0.484708,0
-0.342471,0.796641,1
-0.485273,-0.518760,0
-0.959735,-0.198154,3
0.166748,-0.963970,2
-0.067901,0.533381,2
0.206815,-0.937629,2
0.623969,0.090372,3
-0.676930,0.972712,2
-0.753671,0.725560,1
-0.794837,-0.371929,0
0.668205,-0.790728,1
-0.480028,-0.836297,0
0.930778,-0.647729,2
-0.979179,-0.099837,3
-0.505450,-0.646602,0
0.415454,0.152079,0
-0.849962,0.930181,2
0.633319,-0.809697,1
-0.267974,-0.199933,0
-0.773667,0.664125,1
-0.666552,0.433149,1
0.726496,0.957417,3
-0.476480,-0.950434,3
0.930129,-0.230151,2
0.775126,-0.864708,2
0.397920,0.443330,0
-0.655436,0.917892,2
0.607033,-0.724658,1
-0.729837,0.627854,1
0.175505,-0.235287,2
0.981252,-0.409041,2
0.916791,-0.868710,2
-0.478860,0.550110,1
-0.678407,0.253166,1
-0.649823,-0.452073,0
-0.082709,-0.316375,3
0.981075,-0.356213,2
-0.358959,-0.495404,0
-0.306647,-0.428830,0
0.274445,-0.531521,1
-0.293538,-0.327635,0
0.911809,0.051026,3
-0.409743,0.518842,1
0.326368,-0.139581,2
0.146696,-0.498127,1
0.625132,0.127948,0
0.092832,0.541923,3
0.259238,0.613972,0
0.092033,0.580831,3
-0.132862,0.442210,1
-0.871242,0.784430,2
-0.874165,-0.890167,3
-0.571783,-0.233124,0
-0.385571,0.121570,1
0.338047,0.888874,3
0.590049,-0.955491,2
-0.438762,0.501857,1
0.095535,0.151495,3
0.020699,-0.578096,2
-0.988086,-0.832604,3
-0.076223,0.637046,2
0.295344,-0.983391,2
0.178969,-0.445419,1
0.630581,-0.728997,1
-0.864588,-0.502280,0
0.713213,-0.735830,1
-0.717850,0.839048,2
-0.625997,-0.289633,0
-0.394076,-0.011568,3
0.831937,0.943971,3
-0.122694,0.421986,1
0.988480,0.438544,3
-0.076157,0.084015,2
-0.409961,0.944542,2
0.505919,-0.398047,1
-0.888062,-0.570304,0
-0.761001,0.407281,1
-0.553695,0.417969,1
0.961863,-0.923113,2
0.688971,-0.902725,2
-0.425393,0.402184,1
-0.638555,-0.143243,0
0.241232,-0.264551,1
0.567123,0.847157,0
0.723881,0.399060,0
0.791128,-0.398813,1
-0.178954,0.779608,2
-0.960269,0.744889,2
-0.136376,-0.370230,0
0.689431,-0.630457,1
0.231724,0.801369,3
-0.200761,0.470723,1
0.208651,0.245545,0
-0.111308,0.170513,2
0.322432,-0.422337,1
0.267789,0.897039,3
0.979848,0.629234,3
-0.246205,0.221080,1
-0.635317,-0.679081,0
0.068236,-0.911436,2
0.719979,-0.140635,2
-0.310249,-0.458975,0
-0.361027,-0.270518,0
-0.714086,0.502597,1
0.359252,0.975345,3
0.872140,-0.409024,1
0.776714,-0.328620,1
-0.938300,-0.014635,3
0.916924,-0.049608,2
-0.844122,0.239356,2
0.528055,0.423667,0
0.136395,0.507903,0
0.052901,0.890190,3
-0.271018,0.417584,1
-0.788891,0.797219,2
0.506148,0.931087,3
-0.343417,-0.804101,0
-0.527888,0.295557,1
-0.074619,-0.241974,3
-0.201846,-0.715367,0
-0.266629,-0.329706,0
-0.124391,-0.489915,0
0.341673,-0.062691,2
0.495450,0.258598,0
0.887701,0.651328,3
-0.502046,0.415756,1
0.074995,0.634348,3
-0.076342,-0.872104,3
0.524538,0.652641,0
0.545480,0.735647,0
0.449860,0.051628,3
0.666734,-0.893557,2
0.247526,-0.861154,2
0.402000,-0.827093,1
-0.103128,-0.799847,3
-0.542460,0.630243,1
-0.129553,0.333149,2
-0.859672,-0.787879,3
-0.729541,0.635778,1
0.470719,-0.841841,1
0.287106,0.968672,3
0.573915,-0.637899,1
0.603021,-0.502426,1
-0.510003,0.127559,1
-0.849785,-0.964524,3
-0.136794,0.600074,1
0.087104,-0.470060,2
0.706518,-0.665370,1
-0.331213,0.108517,2
-0.492463,0.565659,1
0.308671,-0.034923,2
0.195902,-0.820882,2
-0.701774,0.336230,1
-0.608761,-0.431315,0
-0.027992,0.861958,2
-0.273156,-0.740887,0
0.830630,-0.699241,1
-0.378786,0.433651,1
-0.201667,0.111211,2
-0.438790,-0.051452,3
0.146687,0.424416,0
-0.451378,-0.766209,0
0.954356,-0.744860,2
-0.431579,-0.376857,0
0.363657,0.075958,3
-0.811199,-0.327672,0
-0.958966,0.384703,2
-0.148554,-0.660740,0
-0.279067,0.242685,1
-0.092055,0.692940,2
0.104643,0.634789,3
0.952054,-0.064727,2
0.935548,-0.426732,2
-0.631077,-0.266118,0
0.684479,-0.069867,2
0.682430,-0.168834,1
-0.645451,-0.768948,0
0.064957,-0.691094,2
-0.513808,0.633378,1
-0.067952,0.849849,2
-0.290664,0.120850,2
-0.477822,-0.249630,0
-0.494447,0.373624,1
0.089631,0.226485,3
-0.383691,0.997576,2
-0.080574,0.720951,2
0.632365,-0.128520,1
-0.343776,0.567913,1
0.444748,0.025147,3
-0.698206,0.129227,2
0.955281,0.984224,3
0.960393,-0.690170,2
-0.784724,0.025350,2
-0.381264,-0.298532,0
-0.341272,0.550784,1
-0.448683,0.368064,1
-0.328367,0.073495,2
-0.881565,0.177186,2
-0.552881,0.208066,1
-0.596328,0.063427,2
0.205641,0.323097,0
-0.215621,-0.161994,3
-0.805423,0.440603,1
-0.594081,0.639325,1
-0.534250,-0.292287,0
-0.231448,-0.578969,0
-0.308063,-0.271055,0
-0.269139,-0.092787,3
0.754295,0.349596,0
0.608681,-0.586977,1
-0.099620,-0.840001,3
0.781087,0.572013,0
0.233494,0.899522,3
-0.250801,0.680613,1
0.107587,0.152871,3
-0.255960,-0.686771,0
-0.524032,0.528419,1
0.151235,-0.329454,1
-0.030978,0.557154,2
-0.690129,0.434771,1
-0.735133,0.078423,2
0.855802,-0.043196,2
0.807367,-0.413337,1
0.864018,0.561662,0
0.936259,0.472699,3
0.974685,-0.163361,2
0.632698,0.755772,0
-0.591348,-0.133808,0
0.655294,0.157852,0
-0.453195,-0.237119,0
-0.689277,0.290845,1
0.076110,-0.213309,2
-0.180737,-0.772655,3
0.457237,0.788285,0
0.784498,0.767108,0
0.223056,-0.950635,2
-0.154470,0.078858,2
0.006170,-0.347102,2
0.665521,-0.129813,2
-0.785441,0.601780,1
-0.657114,-0.810756,0
-0.561581,0.975584,2
0.945016,-0.152928,2
-0.158224,0.600310,1
-0.995077,0.388581,2
-0.636809,-0.684354,0
-0.320575,0.439301,1
0.102337,0.498689,0
0.666646,-0.440426,1
0.286974,0.451144,0
-0.673318,-0.489970,0
0.500510,0.172212,0
0.588889,-0.493321,1
0.825110,0.254410,3
0.376866,-0.960331,2
-0.143810,0.719752,2
-0.771087,0.294609,1
0.695337,-0.826071,1
-0.858319,-0.462887,0
0.774239,-0.853396,2
0.925694,-0.862570,2
-0.537750,-0.394881,0
0.576731,0.564587,0
-0.896192,0.243376,2
-0.875839,0.390781,1
-0.305479,-0.549157,0
0.900812,-0.804970,2
0.623055,0.489700,0
-0.298291,0.448165,1
-0.255890,-0.921425,3
0.487834,0.600300,0
0.798327,0.716747,0
-0.105090,0.493664,1
0.890676,0.036591,3
-0.969223,0.664915,2
0.183195,0.956470,3
0.802344,0.645445,0
-0.438411,0.379075,1
0.210032,-0.334603,1
-0.377549,0.334194,1
-0.943822,0.316972,2
0.785036,0.956990,3
0.512002,0.408091,0
0.446690,-0.786289,1
-0.143744,-0.809200,3
-0.707714,-0.655910,0
0.791101,-0.909387,2
-0.939164,-0.313990,3
0.584278,0.951512,3
0.722601,0.615054,0
0.616427,-0.094204,2
0.571525,0.418772,0
-0.448759,-0.866886,0
-0.202153,0.761273,1
-0.201490,0.420298,1
0.095467,-0.145312,2
-0.262730,-0.119497,3
-0.188322,-0.750728,3
-0.711405,-0.741633,0
-0.537017,0.144851,1
-0.550833,-0.244731,0
0.488940,-0.759732,1
-0.154117,0.549777,1
-0.073722,-0.569840,3
0.501289,-0.351121,1
-0.954785,0.117717,2
0.554675,0.616739,0
-0.463512,-0.894084,0
0.749853,0.334335,0
0.867190,-0.451637,1
-0.245366,-0.037344,3
0.403051,0.491904,0
0.843160,-0.785272,2
0.741176,-0.868245,2
-0.526904,-0.795840,0
0.276606,-0.077737,2
-0.040571,-0.234454,3
0.162531,0.805312,3
-0.684677,-0.911191,3
-0.764528,0.816612,2
-0.262312,-0.719313,0
-0.065671,-0.707636,3
0.897426,0.470817,0
-0.601720,0.647278,1
-0.194847,-0.734531,0
-0.804359,0.559786,1
0.228126,0.598692,0
0.051690,0.071286,3
0.813421,-0.207133,2
0.203040,-0.713484,1
-0.002973,-0.520354,3
0.208780,0.956456,3
0.245192,-0.628689,1
0.761768,0.560515,0
-0.539880,0.997240,2
0.377127,0.197809,0
-0.722073,-0.688544,0
0.490172,-0.824648,1
0.782273,0.888452,3
0.822631,-0.412574,1
-0.846079,-0.981728,3
-0.852788,0.382047,1
0.616964,0.198903,0
-0.546668,0.430384,1
0.991770,0.656373,3
0.716901,-0.011204,2
-0.863981,-0.074320,3
-0.054748,0.381211,2
0.296991,-0.292980,1
-0.058275,0.757111,2
-0.295740,-0.681148,0
-0.045080,-0.017814,3
-0.369692,-0.554908,0
0.157539,-0.587418,1
-0.666456,-0.019831,3
0.000008,-0.512535,2
-0.001559,0.147220,2
0.869512,-0.384595,1
-0.653877,-0.677156,0
-0.954211,-0.662107,3
0.979217,0.762690,3
0.326689,-0.884764,2
-0.311630,-0.728059,0
0.496447,0.985362,3
-0.021039,-0.561828,3
0.742473,0.683221,0
-0.242975,-0.302608,0
-0.334592,0.387333,1
0.142484,0.822946,3
0.799915,0.476028,0
-0.196885,-0.200077,3
0.963493,0.801557,3
0.947143,0.833005,3
-0.583038,-0.706734,0
-0.844151,-0.537249,0
-0.368842,-0.864933,0
-0.774559,0.957848,2
-0.749698,-0.086189,3
-0.770211,0.746749,1
-0.100827,0.208750,2
-0.815079,-0.358354,0
-0.108029,-0.058054,3
0.339038,0.557379,0
-0.670721,-0.518478,0
0.380325,-0.870807,1
0.957550,-0.816559,2
-0.070884,0.921043,2
0.984997,-0.123741,2
0.754048,-0.598041,1
0.169524,0.909898,3
-0.135290,0.800683,2
-0.955036,0.090150,2
0.758530,-0.704733,1
-0.996038,0.988319,2
-0.957984,-0.096865,3
0.197070,-0.773063,2
0.544780,-0.910959,2
0.168883,-0.116182,2
0.646420,0.498161,0
0.365341,0.026745,3
0.627355,0.322891,0
0.210186,-0.443529,1
0.243934,0.195183,0
0.432730,-0.002017,2
0.597142,-0.397746,1
-0.092120,-0.538149,3
-0.597063,-0.047155,3
0.552002,-0.838533,1
0.248111,0.555964,0
-0.850214,0.290127,2
-0.540901,0.346856,1
0.517064,-0.996121,2
0.435897,-0.314053,1
-0.112303,0.082317,2
-0.815892,-0.746962,3
-0.890938,0.811463,2
0.575929,0.319248,0
-0.632066,-0.180137,0
-0.485569,0.800663,1
0.817846,-0.888427,2
-0.597083,-0.274273,0
-0.426576,-0.194146,0
0.678571,-0.874574,2
-0.032679,-0.073317,3
0.681390,0.117107,3
-0.783190,-0.859511,3
-0.536037,0.733873,1
-0.855632,0.899860,2
-0.580180,0.032065,2
-0.017823,-0.396072,3
0.285103,0.091239,3
-0.584609,-0.138968,0
-0.589513,-0.216676,0
0.680896,-0.075081,2
-0.416012,0.498742,1
0.036492,-0.013095,2
-0.775531,0.609916,1
0.792759,0.903040,3
0.735342,-0.239920,1
-0.170277,0.416732,1
0.877187,0.046532,3
0.557221,-0.658850,1
-0.219594,0.701589,1
-0.758990,0.200226,1
-0.266346,0.223187,1
0.804154,-0.981243,2
-0.685573,-0.780456,0
-0.120211,-0.275086,3
0.002869,-0.439315,2
0.649833,0.586856,0
-0.940574,-0.313676,3
-0.426239,-0.716105,0
-0.703760,-0.633480,0
-0.813065,-0.968418,3
0.126599,0.016657,3
0.448315,0.003786,3
-0.936810,0.005536,2
0.344936,-0.156405,1
-0.292876,0.585947,1
-0.956179,0.440778,2
-0.190866,0.847975,2
0.459535,0.123561,0
-0.932481,-0.660676,3
0.848475,0.070388,3
-0.099991,0.498308,2
-0.342756,-0.040565,3
-0.815367,0.231005,2
0.243330,-0.519127,1
0.597525,0.430265,0
-0.487545,-0.275876,0
-0.553078,0.960770,2
0.727911,-0.489888,1
-0.033694,0.072847,2
0.353708,0.673430,0
-0.341206,0.397529,1
0.114208,0.467928,0
0.245503,-0.426257,1
-0.408511,0.313022,1
-0.086933,-0.560036,3
-0.616590,0.813076,1
0.938272,0.040654,3
-0.227489,-0.877095,3
-0.728341,-0.984159,3
-0.396222,0.869184,1
0.446105,0.116234,0
-0.406692,0.893028,2
0.077004,-0.678781,2
-0.596860,-0.956690,3
0.394066,0.756848,0
0.716740,-0.947140,2
0.154376,-0.169052,2
0.520788,-0.600121,1
0.404691,-0.887724,1
0.712901,-0.682242,1
-0.447759,-0.903689,3
-0.869166,-0.509487,0
0.136965,-0.096656,2
-0.386582,0.408624,1
-0.080815,0.217196,2
0.277808,-0.634710,1
-0.666570,0.871116,2
-0.741682,0.410434,1
-0.807665,-0.338542,0
0.453744,0.586401,0
-0.581694,0.170483,1
0.639261,0.572682,0
-0.998569,0.160048,2
0.972561,0.406122,3
0.272325,0.685463,0
0.723880,0.824565,0
0.781774,0.854714,3
-0.684922,-0.081261,3
-0.241942,-0.071504,3
-0.672637,0.677243,1
-0.854307,0.605171,1
-0.957467,-0.520877,3
0.476287,-0.699149,1
0.889557,0.668622,3
-0.037690,0.343300,2
0.255024,0.380616,0
-0.486216,-0.105716,0
-0.046702,-0.484785,3
-0.945667,-0.074141,3
0.921337,0.326658,3
-0.388678,0.645218,1
0.151223,-0.606903,1
0.499931,0.466301,0
0.311836,-0.742011,1
-0.605202,0.639199,1
0.935232,-0.459509,2
0.244371,0.977765,3
0.019614,-0.279342,2
-0.721384,-0.090830,3
-0.610719,0.240926,1
-0.747529,0.644304,1
-0.378459,-0.233745,0
-0.461411,0.574839,1
0.281470,-0.407078,1
-0.499301,0.202807,1
0.919579,0.112021,3
-0.151975,0.070802,2
0.505118,-0.652044,1
-0.462897,-0.183046,0
-0.394055,-0.068099,3
-0.543847,-0.458823,0
0.472392,0.700524,0
-0.481058,-0.507995,0
-0.578818,-0.202442,0
0.401176,-0.189537,1
-0.961517,0.653647,2
-0.545233,-0.339975,0
-0.580099,-0.006644,3
-0.765136,0.701371,1
0.586277,-0.264438,1
-0.095822,0.505857,2
0.847583,0.752203,3
-0.423341,0.352701,1
-0.899841,0.113762,2
-0.830345,-0.293896,0
-0.954337,-0.374192,3
0.247281,0.518055,0
-0.673668,0.766222,1
-0.989940,-0.252486,3
-0.436220,0.411236,1
0.557977,-0.397737,1
0.064882,-0.987256,2
0.262288,0.484784,0
0.006100,0.497152,3
0.186155,-0.407623,1
-0.767286,-0.909667,3
-0.901766,-0.919702,3
0.842536,-0.325108,1
0.432999,0.942695,3
0.788654,0.602654,0
-0.351201,0.834317,1
-0.771538,0.896080,2
0.352372,-0.445206,1
0.662302,0.362431,0
0.302308,-0.773917,1
-0.226333,-0.139715,3
-0.171654,0.838549,2
-0.126971,-0.909366,3
0.323333,0.879128,3
0.587786,-0.490513,1
-0.528494,0.820500,1
-0.400180,-0.430261,0
0.900798,-0.557643,2
0.244631,0.333797,0
-0.614948,0.033285,2
-0.063550,0.033851,2
-0.132397,0.164912,2
-0.070069,-0.780026,3
0.719705,-0.407766,1
0.582406,0.022013,3
-0.181684,-0.643927,0
0.882298,0.646662,3
-0.805378,-0.244673,0
0.737296,0.517954,0
-0.365545,0.325082,1
-0.972558,0.105961,2
0.145582,-0.372738,1
0.675700,0.046380,3
0.069619,-0.079669,2
-0.619824,0.454671,1
0.953617,0.316626,3
-0.511478,-0.178781,0
-0.518462,0.418454,1
0.041193,-0.798756,2
-0.989313,-0.376401,3
0.223257,-0.170996,2
-0.020328,0.105555,2
-0.524334,0.174294,1
0.860882,-0.787038,2
-0.307752,-0.504663,0
0.538044,-0.280310,1
0.601297,-0.316375,1
0.346952,0.276997,0
0.730005,-0.583429,1
-0.802672,-0.889819,3
0.871242,-0.849055,2
0.426807,-0.640236,1
-0.027836,0.908345,2
0.778217,-0.986642,2
-0.890411,0.788905,2
-0.363043,0.332846,1
-0.382091,0.616629,1
-0.561599,0.093574,2
-0.209078,-0.700718,0
0.306536,0.483170,0
-0.205381,-0.155420,3
-0.797140,-0.604084,0
0.528205,0.549811,0
0.672913,0.258210,0
0.966382,0.870241,3
0.368391,0.837624,0
-0.978814,-0.204802,3
-0.802612,-0.006650,3
-0.296456,0.975605,2
0.006707,-0.186867,2
0.764510,0.643664,0
-0.854021,-0.617581,0
0.260293,-0.415621,1
0.475993,-0.948785,2
-0.116338,-0.217471,3
0.534385,0.678281,0
0.627109,0.737244,0
-0.925803,0.155314,2
0.287056,0.747109,0
-0.586476,0.253438,1
0.617350,0.781915,0
0.091062,0.638536,3
-0.422886,0.288450,1
-0.368114,0.280657,1
0.264056,0.638593,0
-0.906210,0.028566,2
0.282257,-0.760232,1
0.410985,-0.457450,1
-0.175852,-0.113022,3
-0.406235,0.707810,1
0.669507,-0.871850,2
0.386090,0.296617,0
0.865394,0.460287,0
-0.548069,0.152450,1
0.207396,-0.134545,2
-0.594112,-0.175253,0
-0.352629,0.496951,1
-0.536717,0.224484,1
-0.214599,0.095169,2
-0.494859,-0.950543,3
-0.266238,-0.401069,0
0.078023,-0.983981,2
-0.161300,-0.510993,0
-0.441431,0.662848,1
0.375985,0.152334,0
0.370657,0.045493,3
0.280484,-0.243253,1
-0.657891,0.145878,1
-0.782966,-0.205960,3
-0.701672,0.424430,1
0.659495,-0.295784,1
-0.750823,-0.693134,0
-0.798833,-0.287540,0
0.531350,-0.013432,2
0.807628,-0.963508,2
0.036025,-0.458610,2
-0.364577,-0.885952,3
-0.442591,0.474123,1
-0.396945,0.115978,1
0.136971,0.979040,3
-0.731688,-0.492372,0
0.024533,0.548796,3
0.264375,0.366642,0
-0.305326,0.481409,1
-0.839318,-0.006998,3
-0.094160,0.820178,2
0.697218,0.155017,0
-0.872956,0.898386,2
0.867476,0.658394,3
-0.115046,0.675104,2
0.694886,0.920979,3
-0.783506,-0.669691,0
-0.964973,-0.226097,3
0.804432,-0.361918,1
0.889881,-0.058598,2
-0.382877,-0.841806,0
0.449030,0.641656,0
0.706990,-0.286595,1
0.008298,-0.598337,2
-0.805185,0.168980,2
0.394665,0.100654,3
-0.010843,0.091883,2
-0.744329,0.116201,2
-0.009731,-0.876853,3
-0.225405,0.875223,2
0.798251,-0.530519,1
0.796202,-0.985255,2
-0.200211,0.831229,2
-0.211352,-0.395779,0
-0.530688,-0.321470,0
0.545623,0.086434,3
-0.163277,-0.005346,3
-0.271910,-0.456287,0
0.708059,0.736388,0
-0.054624,0.902874,2
-0.094632,-0.659958,3
0.003528,0.894525,3
0.431925,0.259199,0
0.010726,-0.577806,2
0.382346,0.785321,0
-0.702583,0.180597,1
-0.745199,-0.906381,3
0.195342,0.054591,3
0.924849,0.983991,3
0.658812,-0.605839,1
-0.337480,0.204435,1
0.480595,0.499244,0
-0.800911,-0.791315,3
-0.957043,0.907148,2
0.945073,-0.011667,2
0.810022,-0.149560,2
0.328374,-0.186450,1
-0.255035,-0.239701,0
-0.927251,0.755691,2
0.182493,0.455095,0
0.541012,0.479910,0
-0.364308,0.795813,1
0.573530,0.831035,0
-0.149596,0.498379,1
0.815025,-0.490784,1
0.892540,-0.522454,1
0.713651,0.373134,0
0.976789,0.912740,3
0.581820,-0.980254,2
0.819888,0.526892,0
0.008079,0.629910,3
-0.622668,-0.663547,0
-0.556541,0.122297,1
0.096753,-0.483792,2
-0.122012,-0.720754,3
0.971303,-0.581000,2
0.759156,-0.393005,1
-0.785187,0.332687,1
-0.561970,0.065217,2
-0.168935,-0.746945,3
0.574433,-0.276395,1
-0.269399,0.288084,1
-0.903260,-0.292609,3
0.200825,0.678559,0
-0.272863,0.020713,2
0.205451,0.735216,0
-0.349377,0.582784,1
-0.928331,0.094082,2
-0.294919,0.168422,1
0.610290,0.583070,0
0.447668,0.581593,0
-0.997930,0.206824,2
-0.811411,-0.783117,3
-0.460489,-0.373381,0
0.282100,0.370576,0
-0.120326,-0.143466,3
-0.905819,0.610276,2
-0.855382,-0.809079,3
-0.682334,0.345443,1
0.869480,0.044803,3
-0.633845,0.074931,2
-0.219981,0.016778,2
-0.342285,-0.148312,0
-0.889140,0.362796,2
-0.979891,0.721150,2
-0.054135,0.467777,2
0.302744,-0.052065,2
-0.325399,0.491332,1
0.164818,0.214111,3
-0.882049,-0.553082,0
-0.415313,-0.002374,3
0.303452,-0.321132,1
-0.392099,0.448070,1
-0.130211,-0.074432,3
-0.206488,-0.260731,0
0.970371,0.159668,3
0.814200,-0.249611,2
-0.823554,-0.528086,0
0.602077,-0.712694,1
0.834710,0.622186,0
-0.991544,-0.219425,3
0.089962,0.311200,3
0.728510,0.764563,0
-0.197468,-0.106672,3
-0.021325,-0.079516,3
0.340246,0.563362,0
0.918109,-0.356302,2
-0.757769,-0.473990,0
-0.908233,0.112020,2
0.451578,-0.114720,1
0.851288,0.421948,0
-0.955052,0.665488,2
-0.827662,-0.778606,3
-0.862598,0.774414,2
-0.491300,0.972112,2
0.396600,-0.482844,1
-0.247313,-0.513437,0
0.828356,-0.518804,1
-0.748874,-0.369112,0
0.374524,0.229800,0
0.551372,-0.285230,1
-0.206837,0.469481,1
0.358468,0.035393,3
0.995492,0.450235,3
-0.852587,0.447069,1
-0.664485,0.998701,2
-0.130982,-0.619537,0
0.664189,0.041355,3
-0.398143,0.801591,1
-0.184230,0.110557,2
0.773703,-0.787630,1
0.627713,-0.473610,1
-0.301067,0.456069,1
0.007586,-0.049942,2
-0.913043,-0.617890,3
-0.820141,0.638329,1
0.096880,-0.026978,2
0.107810,-0.544652,1
-0.991585,0.103301,2
0.905583,-0.844173,2
-0.449629,-0.758902,0
-0.845472,0.419388,1
-0.378439,0.818718,1
-0.539256,0.223418,1
0.620309,0.276514,0
-0.666026,0.394012,1
0.488884,0.961687,3
0.920402,-0.812184,2
0.417756,-0.072011,2
0.137875,0.504712,0
0.310099,0.317734,0
0.143041,-0.593021,1
-0.709244,-0.749149,0
-0.137673,-0.700830,3
0.354152,-0.232090,1
-0.545002,0.904522,2
0.009008,-0.390474,2
0.323911,0.630569,0
-0.571756,0.784655,1
-0.146013,-0.951447,3
0.061169,0.187962,3
0.442565,-0.449947,1
0.149649,0.362967,0
-0.262131,-0.432596,0
-0.709045,0.875744,2
-0.927883,0.601055,2
0.193478,0.215158,3
-0.991966,0.484233,2
0.466009,-0.129639,1
0.783404,-0.179839,2
0.638272,-0.761599,1
-0.275317,-0.352720,0
-0.152072,-0.951406,3
-0.722151,0.276171,1
0.833249,0.131837,3
0.324724,-0.105582,2
-0.680202,-0.232711,0
0.444470,0.469447,0
-0.869744,-0.817661,3
-0.963149,-0.578789,3
-0.941917,-0.891032,3
-0.977735,0.251561,2
0.324126,-0.969701,2
-0.264205,-0.209865,0
-0.099339,-0.480801,3
0.610296,-0.461068,1
-0.242400,-0.665021,0
0.186213,0.605528,0
-0.616427,0.464062,1
-0.118301,-0.783178,3
-0.404101,-0.793577,0
0.111239,-0.084303,2
-0.026289,-0.444290,3
-0.614856,0.103967,2
-0.261951,-0.578005,0
0.525178,-0.203868,1
-0.469037,0.547443,1
-0.952306,0.855090,2
0.577743,-0.216511,1
-0.354775,-0.521597,0
0.302687,-0.744479,1
0.017336,-0.939713,2
-0.409501,-0.796452,0
0.665815,-0.025928,2
0.667610,-0.452487,1
0.190894,-0.736491,1
-0.246064,-0.697867,0
0.179205,0.727647,0
-0.142157,0.564349,1
-0.168386,0.595892,1
0.986344,-0.643208,2
-0.607976,-0.482693,0
0.904235,-0.560282,2
-0.627603,0.481978,1
0.223207,0.017622,3
0.960382,-0.474106,2
0.273142,-0.022283,2
-0.413819,0.863641,1
0.181266,-0.748005,2
-0.162286,-0.151124,3
-0.200491,-0.971392,3
0.112385,0.553445,0
-0.669259,-0.708410,0
0.281092,0.188584,0
0.855939,-0.887294,2
-0.215524,0.842283,2
-0.530501,0.176500,1
-0.640410,-0.626266,0
0.616219,-0.268013,1
0.855712,-0.160575,2
0.749608,0.816094,3
0.365319,0.022750,3
-0.206189,0.951500,2
-0.113608,0.975077,2
-0.796505,0.724105,1
-0.176047,0.003003,2
0.752713,0.936337,3
-0.443552,-0.916546,3
-0.772072,0.837540,2
0.272038,-0.916133,2
0.950246,-0.943486,2
0.926149,-0.580255,2
0.233014,-0.714260,1
-0.206521,-0.150767,3
0.017726,-0.350809,2
0.688658,-0.232665,1
-0.534715,0.053977,2
0.790085,0.259096,0
0.005476,-0.323524,2
0.234173,0.208971,0
-0.599418,-0.941874,3
-0.788025,-0.846705,3
0.994463,-0.231577,2
-0.763252,-0.777610,0
-0.394037,0.508786,1
-0.693743,-0.443791,0
0.565300,-0.767594,1
-0.024046,-0.201686,3
-0.481854,0.769433,1
0.647546,0.535872,0
-0.581376,0.336204,1
-0.696793,-0.116091,3
-0.609819,-0.906708,3
-0.856994,0.395657,1
-0.230232,0.377178,1
-0.395372,0.170350,1
0.435304,-0.183397,1
0.323644,0.429767,0
0.585026,0.560393,0
0.652157,-0.809012,1
0.069179,0.958414,3
-0.252803,-0.365522,0
-0.809179,0.723151,1
0.432792,-0.291033,1
0.492584,0.080339,3
-0.755161,0.911208,2
-0.583457,-0.451954,0
-0.204882,-0.193276,3
-0.358662,-0.061877,3
-0.797619,0.411106,1
-0.684698,-0.192991,0
-0.418544,0.750606,1
0.623613,0.905100,3
0.180373,0.208638,3
0.465493,-0.167470,1
0.399626,-0.465329,1
-0.209056,-0.853177,3
0.169150,-0.018235,2
0.869974,-0.398058,1
0.690732,0.362558,0
0.682281,0.935571,3
0.273767,-0.901176,2
-0.516383,-0.931115,3
-0.094452,0.124955,2
0.007008,0.107929,3
-0.463940,0.322310,1
0.914938,0.117516,3
0.072916,0.538551,3
0.022616,-0.746712,2
-0.252811,-0.511891,0
0.085818,-0.853185,2
0.022780,0.876763,3
-0.706362,-0.808070,0
-0.141472,-0.836388,3
-0.206128,-0.450740,0
0.526171,-0.523847,1
-0.515169,-0.200062,0
-0.425023,-0.031551,3
-0.131178,0.480524,1
-0.906597,0.875830,2
-0.411547,-0.370536,0
0.198140,-0.496609,1
0.746980,-0.728945,1
-0.958058,-0.230404,3
-0.475657,-0.210869,0
0.257704,0.610162,0
-0.064055,-0.719515,3
0.486925,0.229584,0
-0.527585,-0.654547,0
0.393196,0.266287,0
-0.105287,-0.080633,3
0.742440,0.379544,0
0.719304,-0.682583,1
-0.652007,-0.411873,0
0.797941,-0.558604,1
-0.536043,-0.613606,0
0.070860,0.662096,3
-0.110214,-0.182161,3
0.933152,-0.068273,2
0.587435,-0.542505,1
0.720858,-0.154861,2
-0.932343,-0.343197,3
0.125624,0.554581,0
0.886387,0.598038,0
0.900034,0.279583,3
-0.135675,-0.205253,3
-0.801050,-0.393235,0
-0.825709,0.918254,2
-0.075818,-0.477716,3
-0.493619,-0.277877,0
-0.036320,-0.029662,3
0.108517,-0.965460,2
-0.367566,0.998303,2
-0.147621,-0.434414,0
-0.069970,-0.560186,3
0.023081,-0.349112,2
0.284953,0.090737,3
0.307691,-0.589423,1
-0.354681,0.194079,1
-0.991385,-0.454647,3
-0.526338,-0.127060,0
0.340100,-0.327388,1
0.479705,0.514391,0
-0.409134,-0.596113,0
-0.963325,0.097248,2
0.126009,0.000355,3
-0.932415,-0.765474,3
0.034895,-0.299981,2
-0.767171,0.887274,2
0.265605,0.162859,3
-0.672912,-0.711315,0
0.813747,0.612041,0
0.379423,0.121439,0
-0.977383,-0.975258,3
-0.684483,-0.968768,3
-0.429906,-0.210821,0
-0.095828,0.910194,2
0.461791,-0.616123,1
0.424586,-0.947343,2
-0.212237,0.461261,1
0.149905,0.913773,3
-0.538383,0.217490,1
-0.851701,0.496512,1
0.917509,-0.618872,2
0.383786,0.183114,0
0.543988,0.710874,0
0.471799,0.357735,0
0.322914,-0.148778,1
-0.520827,0.345531,1
-0.124036,-0.205310,3
0.376763,0.446058,0
0.583869,-0.719065,1
0.356253,0.045660,3
-0.335188,-0.219162,0
0.098318,0.452575,3
-0.757900,-0.751777,0
0.366348,-0.296284,1
0.465713,0.514648,0
-0.799772,0.383222,1
0.895776,0.584014,3
-0.433663,0.439764,1
0.294888,-0.961864,2
-0.202502,-0.382198,0
-0.110642,0.276671,2
0.963333,0.765322,3
-0.928638,0.340096,2
0.211380,0.655231,0
0.621031,-0.432367,1
-0.299108,-0.714157,0
0.348472,0.799209,0
0.738418,0.590571,0
-0.952568,0.104766,2
-0.705712,0.513145,1
-0.380586,-0.505484,0
-0.103633,-0.484810,0
-0.921470,0.462704,2
0.954954,0.373417,3
0.500840,-0.247548,1
0.991219,-0.609802,2
-0.970877,0.954552,2
-0.844480,-0.899515,3
0.294648,0.366901,0
0.755716,-0.084321,2
0.934534,-0.543392,2
0.201522,0.283006,0
-0.744183,-0.060060,3
-0.126423,-0.696751,3
-0.955294,0.167865,2
0.816394,-0.335880,1
0.662381,-0.287239,1
0.179311,0.740910,3
-0.824535,0.134264,2
0.114328,0.676305,3
0.886716,0.105547,3
-0.933497,0.915840,2
0.060099,-0.777976,2
-0.983675,-0.645253,3
0.588924,0.772041,0
0.270426,0.523458,0
-0.771351,-0.528053,0
-0.193536,-0.515534,0
0.411887,0.680041,0
-0.212285,0.456594,1
-0.152094,-0.395890,0
-0.879286,-0.489713,0
0.316871,0.300025,0
-0.748803,0.492336,1
-0.565710,0.365525,1
0.168641,-0.678994,1
-0.528928,0.235145,1
-0.763154,0.531170,1
0.457168,-0.746829,1
0.885917,0.046093,3
-0.974788,0.156343,2
-0.430449,-0.746139,0
0.628291,0.376015,0
-0.261673,0.040178,2
0.056057,0.526043,3
-0.503228,0.903963,2
-0.869848,-0.382514,0
-0.585750,0.447023,1
0.917511,-0.334553,2
-0.060641,-0.648200,3
-0.969028,-0.891999,3
-0.327194,-0.497956,0
0.343145,-0.090348,2
-0.966786,-0.199687,3
0.162823,0.919131,3
0.846406,0.188035,3
0.075474,-0.584043,2
0.441896,-0.296235,1
0.791972,-0.819777,2
0.743943,-0.151971,2
0.706266,-0.759286,1
-0.248008,0.836418,2
-0.141800,0.166242,2
0.283441,-0.224289,1
0.831689,-0.777200,2
0.127512,0.862661,3
-0.669199,0.800318,1
-0.635296,0.673946,1
-0.290030,-0.602082,0
-0.525740,0.872793,1
-0.682951,-0.679334,0
0.060828,0.392524,3
-0.263377,-0.497276,0
-0.903711,-0.471405,3
-0.317052,0.840231,1
0.376624,-0.610786,1
-0.919054,-0.871384,3
-0.774368,-0.060854,3
0.294858,0.509073,0
0.714857,0.126546,3
0.731874,-0.157631,2
-0.010793,-0.937325,3
-0.357313,0.353911,1
0.736621,0.352657,0
0.751829,-0.789119,1
0.225450,-0.931122,2
-0.468454,-0.713722,0
0.461402,0.268169,0
-0.210997,0.557690,1
0.796764,0.471951,0
0.397922,0.173388,0
0.861164,0.478867,0
0.302004,-0.913204,2
-0.581987,-0.403139,0
0.595869,-0.867130,1
0.723407,0.327743,0
-0.024761,-0.287386,3
0.390418,0.617926,0
-0.933476,0.127039,2
-0.029418,0.818353,2
0.337919,-0.803967,1
0.887231,0.869466,3
-0.517689,0.348633,1
0.137635,0.271314,3
-0.093677,-0.065601,3
-0.256735,-0.695755,0
-0.892213,-0.395571,3
0.783112,0.409791,0
-0.308775,-0.798875,0
-0.993348,-0.712905,3
-0.666005,0.730059,1
0.614838,0.309234,0
-0.557327,0.005256,2
-0.072840,-0.490803,3
-0.867706,0.897742,2
-0.672450,0.470214,1
-0.906225,-0.785219,3
0.339680,-0.423914,1
0.563414,-0.522685,1
0.847400,-0.530263,1
0.411714,-0.409335,1
-0.226018,0.519500,1
0.195094,-0.442906,1
-0.070709,0.886319,2
-0.241781,-0.064057,3
-0.826586,0.092214,2
-0.333998,0.788252,1
-0.598552,0.108674,2
-0.206492,0.328608,1
0.617872,-0.074198,2
0.226350,0.945422,3
-0.603984,0.320125,1
-0.839797,0.735695,2
0.896211,0.723618,3
-0.786990,0.743611,1
-0.806645,0.624724,1
-0.665725,-0.032663,3
0.144224,0.529369,0
0.524431,-0.926485,2
0.415689,-0.717350,1
0.009458,0.589103,3
0.374864,0.675460,0
0.377355,0.776312,0
-0.215866,-0.829137,3
0.104920,-0.597994,2
0.096665,-0.668730,2
-0.652573,0.492681,1
0.651395,-0.492369,1
0.228377,0.547605,0
-0.768752,0.441387,1
0.291216,-0.575396,1
0.066110,0.625491,3
0.391941,-0.789666,1
0.154861,-0.083628,2
-0.716150,-0.429450,0
0.199022,0.293308,0
-0.840347,-0.426113,0
-0.031233,0.537008,2
-0.649801,0.752901,1
0.707871,0.455119,0
-0.845093,-0.195463,3
0.786389,-0.497666,1
-0.702782,0.437784,1
0.009965,0.525594,3
-0.014611,0.241213,2
-0.033019,-0.723395,3
0.665817,-0.966909,2
0.902097,0.057758,3
-0.756574,0.056957,2
0.974130,-0.472725,2
0.627507,0.173152,0
0.820583,0.787160,3
0.747038,-0.210650,1
0.324168,-0.902762,2
-0.457749,0.032039,2
0.552357,-0.302842,1
0.836576,0.338746,0
0.199492,-0.866206,2
-0.223469,-0.790543,3
0.659388,0.761920,0
0.450670,-0.373631,1
-0.961475,0.116487,2
-0.340539,0.940622,2
-0.825755,-0.097114,3
-0.002421,-0.851626,3
0.430162,-0.374914,1
0.321526,0.250744,0
-0.587754,0.068565,2
-0.959906,0.736414,2
0.165802,-0.417655,1
-0.231547,-0.281841,0
0.279503,-0.394971,1
-0.943094,-0.521005,3
-0.261178,-0.166564,3
-0.311548,-0.601790,0
-0.404644,-0.860878,0
0.024580,-0.366118,2
0.255609,0.684040,0
-0.425497,0.429854,1
-0.413074,0.572082,1
0.578228,-0.982912,2
-0.802832,-0.100246,3
0.267832,-0.390586,1
0.968319,0.307927,3
-0.654172,0.134122,1
0.890272,0.114280,3
0.852281,0.169775,3
0.719309,0.909187,3
0.648770,-0.541869,1
-0.257377,-0.662778,0
-0.143658,0.337980,1
-0.523656,0.880921,1
0.971861,0.731953,3
0.564961,-0.453636,1
0.161807,-0.848113,2
-0.881553,-0.259965,3
-0.831025,-0.684385,0
0.639790,0.436807,0
-0.074971,0.608109,2
-0.255266,0.270857,1
-0.257770,-0.364994,0
-0.614863,-0.405489,0
0.804781,-0.895554,2
-0.496302,0.453551,1
-0.437422,0.246321,1
0.790773,0.418919,0
-0.415699,-0.732883,0
0.299840,-0.443838,1
0.999070,-0.135199,2
0.102526,0.160877,3
0.016689,0.220973,3
0.900912,0.185664,3
0.536588,0.540702,0
-0.377529,-0.538383,0
0.148810,0.367205,0
0.732474,0.891041,3
-0.997790,-0.882389,3
-0.514448,0.806991,1
-0.777942,-0.010750,3
0.260542,-0.215365,1
-0.764429,0.051315,2
-0.796445,-0.180128,3
0.318431,0.503395,0
0.376034,0.317501,0
-0.631804,-0.521440,0
-0.521622,0.384885,1
0.699533,-0.620710,1
-0.429451,0.236120,1
0.919991,0.193020,3
0.697737,0.068802,3
-0.439776,0.430211,1
-0.040158,-0.437565,3
0.547822,0.445394,0
-0.630574,0.769879,1
-0.565356,0.629968,1
-0.445485,-0.329785,0
-0.318717,-0.241931,0
0.490087,0.999714,3
-0.738536,-0.133879,3
0.317215,-0.370340,1
0.344680,0.795593,0
-0.985455,0.044213,2
-0.825117,-0.414906,0
-0.719667,-0.905125,3
0.778113,0.978070,3
0.163676,-0.661662,1
0.408281,-0.876481,1
-0.099227,-0.043897,3
0.568913,0.270199,0
-0.274018,-0.996444,3
-0.099834,0.280497,2
-0.326229,0.581449,1
-0.961434,-0.836142,3
0.581163,-0.699970,1
0.029979,-0.101621,2
-0.070310,-0.625341,3
-0.306028,-0.055765,3
0.418872,-0.131145,1
0.529329,0.699205,0
-0.036270,0.307442,2
0.677275,-0.872594,2
0.645780,0.085556,3
-0.749075,-0.453447,0
-0.958341,0.819838,2
0.816751,-0.232359,2
0.823394,-0.283082,1
-0.951862,-0.502834,3
-0.701633,-0.913296,3
-0.338976,0.879530,2
-0.613266,0.691002,1
-0.222091,0.316424,1
-0.934338,0.471881,2
-0.739341,0.484534,1
-0.659264,0.789989,1
0.183739,0.304466,0
0.097431,-0.138986,2
0.431872,-0.256789,1
0.946569,0.682797,3
0.289764,0.988228,3
0.502634,0.106515,0
-0.244132,0.326028,1
0.823433,-0.195994,2
0.823194,-0.878200,2
-0.109290,-0.515782,0
-0.998670,0.277443,2
-0.824780,-0.220761,3
-0.406133,-0.759118,0
-0.748881,-0.145473,3
0.725415,-0.408145,1
-0.355485,-0.090846,3
0.896321,0.741946,3
0.770167,0.328192,0
-0.514842,0.716737,1
0.010989,0.774922,3
0.704965,-0.486377,1
-0.118563,-0.539167,0
0.839652,-0.295130,1
0.264839,0.662845,0
-0.173330,-0.844451,3
-0.852937,-0.171999,3
0.432992,-0.677717,1
0.607239,-0.973141,2
-0.436835,0.858359,1
-0.118614,-0.711420,3
-0.549786,0.525902,1
0.197734,-0.653466,1
0.267848,-0.032098,2
0.674726,0.753006,0
-0.315362,-0.314284,0
0.527928,-0.610397,1
0.199339,-0.590635,1
-0.149564,0.038991,2
0.114235,-0.884725,2
-0.298164,0.940906,2
-0.729176,-0.151101,3
-0.231094,0.703816,1
0.171182,-0.623854,1
0.730675,0.734347,0
-0.765496,-0.387939,0
-0.977072,-0.315282,3
-0.862037,0.220662,2
0.031252,0.405811,3
-0.811437,-0.294022,0
0.158817,-0.126798,2
0.391694,-0.313255,1
0.262805,-0.408967,1
0.096110,-0.886759,2
0.630023,-0.789655,1
-0.771484,-0.668141,0
-0.848749,-0.500661,0
0.180759,-0.079843,2
-0.796845,-0.648059,0
0.296303,0.933830,3
-0.913712,0.530807,2
-0.454109,-0.890784,0
-0.784475,-0.316146,0
0.329878,0.246777,0
-0.910335,0.518441,2
0.952755,0.248483,3
-0.608357,0.344449,1
0.935228,0.654448,3
0.935482,0.031338,3
0.767688,0.565505,0
0.241683,0.996204,3
0.897364,0.392934,3
-0.504457,0.078123,2
-0.686908,-0.301302,0
0.430064,0.609395,0
-0.367472,0.516352,1
0.140202,0.178419,3
0.625568,0.355727,0
0.862273,-0.044554,2
-0.397496,0.951939,2
-0.526113,-0.444741,0
0.200421,-0.134470,2
0.899708,0.135649,3
-0.480022,0.835189,1
-0.833014,-0.712334,0
0.400694,0.408669,0
-0.716130,0.298058,1
-0.198397,-0.220586,3
-0.623819,0.114695,2
0.478112,0.806245,0
-0.275910,-0.889361,3
0.322598,0.864292,3
0.289058,-0.051834,2
0.220019,0.151331,3
0.903612,0.822523,3
0.103270,-0.622500,2
-0.622218,-0.696309,0
0.243030,-0.722511,1
0.439340,0.763008,0
-0.887322,0.606326,2
-0.949325,0.513373,2
0.014995,-0.665455,2
-0.188569,0.816599,2
0.113959,0.187612,3
-0.068706,-0.407930,3
-0.006143,0.655383,2
-0.297290,-0.683545,0
0.519675,0.991768,3
0.264621,-0.260306,1
0.143099,0.168233,3
-0.437784,-0.753631,0
0.545733,-0.060002,2
-0.449940,-0.211237,0
0.217487,0.989400,3
-0.448229,0.330166,1
0.595726,-0.397554,1
-0.156462,-0.389279,0
-0.063009,0.654969,2
-0.572681,-0.949050,3
-0.157419,0.358613,1
-0.356980,0.836439,1
0.013996,0.345730,3
-0.847106,-0.466328,0
0.337498,0.417515,0
0.273365,-0.519403,1
-0.414252,0.835582,1
-0.273034,-0.868519,3
-0.224420,0.277027,1
-0.079756,0.993067,2
0.266426,0.472015,0
0.323232,-0.137848,2
-0.925538,-0.833229,3
0.472872,0.011453,3
0.821740,0.900192,3
0.062403,-0.335679,2
0.258805,0.705423,0
-0.499240,-0.727199,0
0.051153,-0.346347,2
-0.193527,-0.611349,0
-0.928832,-0.920162,3
-0.130752,-0.343084,3
0.915420,0.596214,3
-0.211603,-0.309000,0
-0.126759,0.708641,2
-0.315934,-0.860333,3
0.180657,-0.992701,2
0.001819,0.255118,3
-0.825930,-0.525309,0
-0.733429,0.995809,2
-0.625117,0.328974,1
-0.339870,0.633688,1
0.034397,0.160890,3
0.906489,-0.914451,2
0.814543,-0.287038,1
-0.525800,0.885711,1
-0.207199,0.343448,1
-0.457373,-0.291779,0
-0.060337,0.331024,2
0.399220,0.812904,0
0.039666,-0.916713,2
0.952571,-0.779678,2
-0.909414,-0.045611,3
0.475440,-0.735345,1
0.429081,0.742011,0
-0.739535,0.803964,1
0.070985,-0.079405,2
0.437652,-0.894619,1
-0.918515,0.344141,2
-0.809069,0.896028,2
-0.942896,-0.334869,3
0.781740,-0.150095,2
-0.991421,-0.675633,3
0.558125,-0.051758,2
0.655391,-0.042654,2
-0.238855,-0.304943,0
0.040633,-0.286284,2
-0.084621,0.131218,2
0.668105,-0.609180,1
0.395874,0.097186,3
-0.867169,0.656338,1
-0.098850,0.203815,2
-0.423066,-0.661198,0
0.309197,-0.341581,1
0.682944,0.500127,0
-0.445553,0.740048,1
-0.834742,-0.663813,0
-0.410048,-0.826163,0
-0.339446,-0.851922,0
0.122079,-0.684055,2
0.105423,0.883224,3
0.011002,-0.853944,2
-0.403060,0.926381,2
0.277274,-0.734955,1
-0.682799,-0.326852,0
0.362231,-0.549968,1
-0.670513,-0.736619,0
0.653847,-0.093580,2
-0.397817,-0.036956,3
0.564839,-0.714873,1
-0.536829,-0.880714,0
-0.974826,-0.371571,3
-0.544528,-0.384874,0
-0.197734,0.116026,2
-0.236796,0.924345,2
0.431971,0.868627,0
0.807569,-0.557027,1
-0.985317,-0.595491,3
-0.630646,0.291958,1
-0.330446,-0.313444,0
0.965106,-0.968215,2
0.136587,-0.705408,2
-0.704834,-0.209565,0
0.201012,-0.102651,2
0.753479,-0.234149,1
0.182476,-0.783350,2
-0.114863,0.207650,2
-0.154921,0.340609,1
0.822776,0.647345,0
-0.543365,-0.414020,0
0.571691,0.888606,0
-0.545393,0.379260,1
-0.668421,-0.530709,0
0.783769,-0.299067,1
0.761248,-0.546678,1
0.387489,0.726354,0
-0.514893,-0.475924,0
-0.979053,-0.219727,3
0.314511,0.221959,0
0.677622,0.067989,3
0.987810,-0.139902,2
0.284639,-0.127053,2
-0.932252,-0.870282,3
-0.786444,0.890524,2
0.777063,-0.329809,1
-0.523496,0.348754,1
-0.441203,-0.068889,3
-0.271987,-0.109625,3
0.400402,-0.488218,1
0.591308,0.161650,0
-0.034896,-0.021203,3
-0.111995,0.450212,1
0.502873,-0.091049,2
-0.769515,-0.182616,3
-0.869089,0.908108,2
0.885373,-0.881279,2
-0.231795,0.170011,2
-0.008332,-0.164047,3
0.299729,0.205225,0
-0.273523,0.076792,2
0.875416,0.202981,3
-0.574454,-0.565788,0
-0.865908,0.153559,2
0.324588,0.534494,0
0.665341,-0.084104,2
-0.303856,-0.369554,0
0.894693,0.584149,3
-0.919342,0.397566,2
-0.506900,-0.688857,0
-0.785050,-0.375989,0
-0.780750,-0.899677,3
-0.257268,-0.012544,3
0.270334,0.734400,0
0.823409,-0.429937,1
-0.060376,-0.450114,3
0.646855,-0.184960,1
0.752866,-0.927599,2
0.249253,0.886958,3
0.225960,-0.426160,1
0.421452,-0.108699,1
0.489737,-0.882404,1
0.521747,0.384430,0
0.701745,0.602405,0
-0.218003,-0.805155,3
0.913547,-0.003053,2
-0.181144,-0.867202,3
0.097269,0.561588,3
0.120253,-0.632397,2
0.295988,-0.056338,2
-0.062334,-0.764388,3
0.493548,-0.415479,1
0.050652,0.246414,3
-0.343078,-0.700095,0
0.133372,0.882882,3
-0.126255,-0.445176,0
-0.225817,-0.636518,0
-0.327579,-0.704070,0
0.747912,-0.625834,1
0.898335,-0.470091,1
-0.430988,0.811882,1
0.526856,0.387868,0
0.944680,-0.375874,2
-0.050544,0.064933,2
-0.008271,-0.754556,3
-0.991405,0.929395,2
-0.518944,0.502142,1
-0.486084,0.531708,1
-0.251444,0.170837,2
0.831613,0.881928,3
0.053719,-0.294642,2
-0.563247,0.827902,1
0.068840,0.109174,3
-0.876168,-0.183248,3
0.483340,-0.977833,2
0.346662,-0.947649,2
0.834049,-0.126482,2
0.440219,0.778729,0
0.497643,-0.610325,1
-0.156338,-0.510628,0
-0.364881,-0.147744,0
-0.581233,0.116175,1
-0.645601,-0.067317,3
-0.352117,0.102955,2
-0.896480,-0.520504,0
-0.015117,0.157239,2
0.184853,0.421636,0
-0.014859,-0.746307,3
-0.469190,0.108973,1
0.070446,-0.985850,2
0.131140,-0.582893,1
-0.933499,-0.034811,3
0.290625,0.506721,0
-0.256082,-0.211731,0
0.896396,0.587579,3
0.277641,-0.468485,1
-0.560164,0.696408,1
0.647689,-0.205766,1
-0.370910,-0.704428,0
0.897189,-0.267390,2
-0.224932,-0.117927,3
0.889849,0.959921,3
-0.696291,-0.125010,3
-0.786385,-0.165481,3
0.983963,0.284060,3
-0.151331,0.115102,2
0.701168,-0.084830,2
-0.919709,-0.008207,3
-0.578109,-0.175791,0
0.780062,-0.681713,1
-0.588212,0.057702,2
-0.150198,-0.148376,3
-0.245890,-0.502509,0
0.645858,0.383200,0
-0.206937,0.543047,1
-0.884190,0.568131,1
-0.574880,-0.994341,3
0.528053,-0.271171,1
-0.119351,0.741667,2
0.563348,-0.135388,1
0.025728,-0.587983,2
0.979714,-0.273104,2
0.327187,-0.939995,2
0.718689,0.749078,0
-0.115786,0.498750,1
-0.932635,0.296002,2
-0.443547,-0.082833,3
-0.852374,0.310563,2
0.414658,0.793484,0
-0.306237,-0.792278,0
0.336531,-0.190427,1
0.775853,0.761651,0
-0.184768,0.303905,1
-0.509520,0.695881,1
0.045573,-0.946173,2
-0.439508,-0.928700,3
-0.534156,-0.459794,0
-0.201804,0.793031,2
-0.399788,-0.483115,0
0.542109,0.484426,0
-0.984365,0.609474,2
-0.219572,-0.427912,0
-0.473359,-0.071946,3
0.882650,0.941300,3
-0.278462,-0.423587,0
-0.850979,-0.941931,3
0.385986,0.924874,3
0.819720,-0.798782,2
0.228780,-0.689800,1
0.897099,-0.725648,2
-0.635973,-0.542409,0
-0.654348,-0.170129,0
-0.002203,0.143848,2
-0.377098,0.598009,1
0.660733,-0.834988,1
0.082435,0.676368,3
0.774486,0.862862,3
-0.751545,-0.698873,0
-0.209084,-0.868895,3
-0.757573,0.512453,1
-0.292482,-0.608552,0
0.570522,-0.906496,2
-0.683678,0.390242,1
-0.705278,0.545102,1
0.700442,-0.808179,1
0.819454,-0.935531,2
-0.350588,-0.834894,0
-0.105660,0.647209,2
0.308955,0.517242,0
0.245218,-0.030312,2
0.682254,-0.672347,1
-0.353945,0.456740,1
-0.809485,-0.105490,3
0.757867,-0.018569,2
0.025616,-0.999705,2
-0.506116,0.733134,1
-0.608257,-0.935593,3
0.826638,-0.291935,1
0.454648,-0.878640,1
-0.746833,0.155090,2
-0.686820,-0.927380,3
0.219559,-0.037408,2
-0.762273,-0.886101,3
-0.390199,0.546682,1
0.631141,0.855020,0
-0.483631,0.313395,1
-0.817327,0.162424,2
-0.229865,-0.626812,0
-0.943066,-0.471998,3
0.354618,0.082550,3
-0.471703,0.848503,1
-0.184316,-0.079961,3
0.912909,-0.357678,2
0.628104,0.367558,0
-0.236319,0.881271,2
-0.477352,0.076862,2
0.953891,0.742207,3
-0.960546,-0.808382,3
0.856105,-0.350745,1
0.738299,0.487246,0
-0.495725,-0.745332,0
-0.199359,-0.313053,0
0.417092,0.570775,0
0.060135,0.474027,3
-0.901223,-0.585247,3
-0.443423,-0.372926,0
-0.736744,0.372261,1
0.547113,-0.823835,1
-0.985418,0.175217,2
0.543723,-0.221736,1
0.056488,-0.933629,2
0.855125,0.010379,3
0.808578,0.894579,3
0.201997,0.664683,0
-0.456166,-0.059704,3
0.151929,0.048109,3
0.194965,0.952569,3
0.735057,-0.387943,1
0.523345,-0.204809,1
-0.913916,0.622122,2
0.209945,-0.357339,1
-0.750804,0.473201,1
-0.985079,0.796309,2
0.649366,-0.970496,2
-0.028474,0.193090,2
-0.192233,-0.971987,3
0.259461,-0.337107,1
0.038392,0.068039,3
-0.442528,-0.759611,0
-0.267278,0.101306,2
0.180685,0.884650,3
-0.850585,-0.624350,0
0.837220,0.884471,3
-0.012293,0.360564,2
-0.320337,0.073791,2
-0.017314,0.889608,2
0.716451,0.231881,0
0.362809,0.731373,0
0.028190,0.012175,3
0.760877,0.999716,3
-0.794735,-0.431356,0
-0.972271,0.464726,2
0.231537,0.066122,3
-0.467236,0.789008,1
0.306511,0.265486,0
-0.109686,-0.512804,0
0.150136,0.039729,3
-0.137155,-0.012644,3
-0.075800,0.850552,2
-0.652080,0.603863,1
-0.075657,0.330606,2
0.493470,-0.359206,1
-0.437512,-0.143721,0
-0.627833,0.590678,1
0.868454,-0.866957,2
0.590394,-0.926280,2
-0.298313,0.618123,1
0.538445,0.933224,3
-0.315755,-0.928790,3
0.722232,0.990755,3
0.336696,-0.387455,1
-0.522049,-0.513168,0
0.652274,0.340796,0
0.474188,-0.423526,1
0.191349,0.822109,3
-0.819663,-0.884309,3
0.152715,0.673807,0
-0.243515,0.715203,1
-0.469914,0.128652,1
0.305881,-0.601459,1
0.261695,-0.103725,2
-0.527740,0.963382,2
-0.485602,-0.989294,3
0.896606,0.198642,3
-0.918085,0.618838,2
0.189397,0.418611,0
-0.768617,0.667348,1
0.905443,0.883657,3
0.008145,0.379632,3
-0.539869,-0.800507,0
0.201740,-0.359532,1
-0.684815,-0.645545,0
-0.685725,0.071670,2
-0.930342,-0.155639,3
-0.799679,0.375539,1
0.242902,0.462017,0
-0.728187,0.715162,1
0.425399,-0.213789,1
0.725867,0.322005,0
0.984853,0.807783,3
-0.059157,0.174250,2
0.226394,0.172227,3
-0.158401,0.131837,2
0.055884,0.849744,3
-0.488531,0.516015,1
-0.950763,0.713209,2
-0.843517,-0.635578,0
-0.932336,-0.529242,3
0.436091,-0.862678,1
0.315119,0.636413,0
0.512861,-0.441979,1
0.098429,0.784674,3
-0.726818,-0.476171,0
-0.429115,0.999050,2
0.845834,-0.444261,1
0.806833,-0.213323,2
0.729989,0.033227,3
0.958904,-0.428412,2
-0.834936,0.014788,2
-0.578669,-0.323467,0
-0.469196,-0.529432,0
-0.610258,-0.312713,0
-0.165010,-0.542593,0
0.158045,-0.728919,2
-0.405271,-0.526836,0
0.907494,-0.892410,2
0.031184,0.005923,3
0.892264,0.304367,3
0.529752,-0.536850,1
0.303417,0.375586,0
0.018888,0.110249,3
-0.837737,-0.251123,3
-0.856524,-0.878833,3
0.320465,-0.691460,1
0.135955,0.741797,3
-0.014927,0.666759,2
-0.787635,0.374816,1
-0.645954,0.047355,2
0.832223,0.512091,0
0.318436,-0.573048,1
0.985255,0.225930,3
-0.465458,0.016439,2
-0.768147,-0.573194,0
-0.679194,0.761605,1
-0.110044,0.624222,2
0.137191,0.908844,3
-0.265528,0.299454,1
-0.342278,-0.122052,3
0.420621,0.978187,3
0.186488,-0.443424,1
0.719984,-0.828439,1
-0.776665,0.932349,2
0.546377,-0.422619,1
-0.020296,0.378600,2
-0.910528,-0.701860,3
0.805552,-0.925274,2
0.524070,-0.659907,1
0.091165,0.755924,3
-0.233100,0.411971,1
0.517529,0.656855,0
0.036193,-0.345280,2
0.565700,0.770665,0
0.954174,-0.776579,2
-0.351387,0.374794,1
-0.798392,0.835101,2
0.931370,0.921592,3
-0.993338,-0.845295,3
0.853940,0.553039,0
-0.267914,-0.166356,3
-0.068361,-0.178442,3
0.131784,-0.262809,2
-0.103716,-0.344146,3
0.077284,0.987449,3
-0.588222,0.844184,1
0.399420,0.929307,3
0.501039,-0.564387,1
-0.415973,0.066739,2
-0.793722,-0.461800,0
0.290160,-0.145110,2
0.912995,0.491769,3
-0.310009,0.844365,1
0.413361,-0.303347,1
0.999070,0.267301,3
-0.750308,-0.268844,0
-0.899055,0.181331,2
0.552714,0.232730,0
0.918522,-0.551002,2
0.888584,-0.004194,2
-0.563553,-0.699638,0
-0.160010,0.835867,2
-0.770331,-0.658971,0
-0.728520,-0.186304,0
0.407768,-0.522242,1
0.351896,-0.302072,1
0.332648,0.264891,0
-0.810303,-0.977361,3
0.109256,0.603058,3
-0.280708,0.108327,2
-0.129641,-0.031016,3
0.839483,-0.028696,2
-0.849685,0.392197,1
-0.795966,-0.931163,3
0.841195,-0.907382,2
0.064643,-0.722358,2
-0.607020,0.904633,2
-0.886491,-0.377351,3
-0.754338,-0.615011,0
0.436345,0.653430,0
-0.137253,-0.211759,3
-0.648642,-0.804605,0
-0.946867,-0.458944,3
-0.781966,0.162389,2
-0.855887,-0.062674,3
-0.729285,0.014472,2
0.906309,-0.889802,2
0.985776,-0.943376,2
0.502396,-0.810190,1
-0.874539,0.343591,2
-0.717572,0.190104,1
0.621233,-0.324592,1
0.094736,0.734743,3
0.298057,0.340398,0
-0.880268,-0.265598,3
-0.006172,-0.017521,3
0.522643,0.345187,0
0.177874,0.575776,0
0.886242,0.395908,3
-0.261835,-0.969644,3
-0.666766,0.008880,2
0.044828,-0.760457,2
0.119078,0.030605,3
-0.703833,-0.378526,0
0.220415,-0.578372,1
0.965064,0.502842,3
0.611732,0.586298,0
-0.821750,-0.293532,0
0.321040,0.476307,0
-0.953133,0.440772,2
-0.789291,0.040695,2
-0.576749,0.733352,1
-0.614118,0.601125,1
0.309128,-0.727876,1
-0.002967,-0.952708,3
-0.697520,0.330267,1
0.056172,0.347308,3
0.569810,-0.824750,1
-0.622088,0.865977,1
-0.203276,0.598327,1
-0.712395,-0.238212,0
0.101169,0.899337,3
-0.651914,0.279420,1
-0.394195,0.669126,1
-0.244274,-0.347328,0
0.109898,-0.033565,2
0.693367,0.533149,0
-0.300213,-0.920752,3
0.134273,-0.991086,2
-0.648628,-0.868694,0
-0.943793,-0.346148,3
0.461573,0.112379,0
-0.998840,0.031383,2
0.287629,-0.620928,1
-0.102640,-0.915647,3
0.977399,0.184965,3
-0.153859,0.078568,2
0.084302,0.194226,3
-0.642012,0.690107,1
-0.136648,0.113714,2
-0.657221,0.973250,2
-0.919851,-0.963855,3
0.506398,-0.220064,1
-0.884606,-0.359328,3
-0.211150,-0.533234,0
-0.228022,-0.154943,3
0.120617,-0.766449,2
0.957436,0.121777,3
0.264934,0.245065,0
0.500849,-0.837707,1
0.329417,0.478248,0
0.347258,-0.824442,1
-0.443184,-0.568440,0
0.369785,-0.085196,2
-0.878333,-0.766863,3
-0.971482,-0.535554,3
-0.793614,-0.891333,3
-0.499408,0.712785,1
-0.111397,-0.384015,3
-0.646544,0.677453,1
0.082751,0.125434,3
-0.477490,-0.796632,0
0.358985,-0.520054,1
0.325145,-0.376081,1
0.725011,-0.174006,1
-0.213788,0.054428,2
-0.695758,-0.866529,3
0.229986,-0.138942,2
-0.434969,-0.400229,0
0.775862,-0.313302,1
-0.167092,0.804380,2
0.151144,0.039294,3
0.913047,0.651736,3
-0.247922,-0.198350,0
-0.732279,0.105535,2
-0.520897,0.350472,1
-0.769031,0.001613,2
0.553840,0.589954,0
0.481559,-0.121015,1
-0.786128,0.206570,2
0.704979,0.000085,3
-0.739002,-0.990779,3
0.133555,0.490985,0
-0.129721,0.698586,2
-0.909244,-0.353859,3
-0.614716,-0.076337,3
-0.549479,0.536428,1
0.962957,-0.636432,2
0.188164,-0.284965,1
0.165218,0.455884,0
0.820570,0.644321,0
-0.193644,-0.948461,3
-0.354066,-0.639804,0
0.641493,-0.872507,1
0.239181,0.855365,3
0.334063,-0.055840,2
-0.144550,0.595062,1
-0.046619,0.989005,2
0.086046,0.823661,3
0.687591,0.176802,0
-0.530198,-0.927125,3
-0.899535,-0.079677,3
0.609303,-0.936578,2
0.283891,-0.202533,1
-0.221543,-0.550891,0
-0.746649,-0.400973,0
-0.906570,0.059707,2
-0.349434,-0.260636,0
0.419903,-0.707941,1
-0.133142,-0.340916,0
-0.852576,-0.799079,3
0.603244,0.002874,3
0.795983,-0.443375,1
-0.008121,-0.117971,3
-0.619714,-0.320530,0
-0.941169,-0.149912,3
-0.247655,-0.840704,3
0.770411,-0.638352,1
-0.777282,0.054302,2
0.159115,0.001175,3
0.503411,0.412466,0
0.600203,0.596841,0
-0.527827,-0.749231,0
-0.663795,0.892075,2
-0.457172,0.203063,1
-0.448841,-0.309748,0
0.403984,-0.845597,1
0.693126,0.199967,0
-0.288972,-0.314995,0
-0.918004,0.091315,2
0.364475,-0.859174,1
0.941403,-0.883180,2
-0.699878,0.711814,1
-0.521533,-0.477160,0
-0.233884,0.637582,1
0.524015,-0.730473,1
0.050048,0.124218,3
0.866368,0.522221,0
0.374987,-0.797426,1
0.414296,0.917814,3
0.405637,0.965455,3
-0.391934,-0.190379,0
-0.880142,-0.698808,3
-0.990412,-0.169113,3
-0.013803,-0.908417,3
0.922201,-0.649328,2
-0.767590,0.863604,2
-0.532509,-0.467468,0
0.575418,-0.054042,2
0.055372,-0.658466,2
-0.416459,-0.420613,0
-0.388939,0.633588,1
0.703605,-0.522571,1
0.155809,0.078591,3
-0.319997,-0.429895,0
-0.003594,-0.914360,3
-0.464440,0.604472,1
-0.104739,-0.344581,3
0.905664,-0.095152,2
0.486305,-0.108139,1
-0.003569,0.408507,2
0.242533,0.228841,0
0.272111,0.710024,0
0.761373,-0.152472,2
-0.344018,-0.183255,0
0.189062,0.239523,3
0.396131,0.800123,0
-0.126889,0.099736,2
-0.722448,-0.971080,3
-0.821673,-0.042445,3
-0.400975,0.174733,1
0.043195,0.134586,3
-0.220795,0.938455,2
0.790004,-0.315131,1
-0.156697,0.276310,2
0.576730,0.839735,0
-0.315184,-0.180737,0
0.068576,0.956927,3
-0.470713,-0.170052,0
-0.195545,0.185269,2
0.646693,0.993517,3
-0.575208,0.042824,2
0.793640,0.297904,0
-0.857440,-0.928807,3
0.326824,-0.679113,1
0.028748,0.925849,3
0.495620,-0.928057,2
0.060435,-0.725175,2
-0.989602,-0.149560,3
-0.040307,-0.146299,3
-0.873251,-0.463576,0
-0.306564,-0.188435,0
0.355687,0.762012,0
-0.231508,0.884974,2
-0.408040,0.572947,1
0.070243,-0.761347,2
0.566465,0.495035,0
0.281477,0.360105,0
-0.207061,0.424038,1
0.431298,-0.880237,1
0.744925,-0.539955,1
-0.954388,0.240545,2
-0.468012,0.106047,1
0.515369,-0.457614,1
0.956487,-0.524937,2
0.396087,-0.916764,2
0.011486,-0.910477,2
-0.105199,-0.632827,3
0.851535,0.663294,0
-0.747853,-0.556505,0
0.236241,0.322390,0
-0.317852,-0.197294,0
-0.182574,0.963626,2
-0.837189,0.610365,1
0.387663,0.594108,0
0.730127,0.132588,3
-0.945846,0.775739,2
-0.626868,-0.413858,0
-0.118213,0.888502,2
0.128527,-0.161726,2
-0.636436,-0.475386,0
-0.078490,0.375051,2
-0.385863,0.816311,1
0.742224,-0.534328,1
0.479604,0.994371,3
-0.090833,-0.284155,3
0.316762,0.591316,0
0.518551,-0.865813,1
0.554941,0.681362,0
0.744552,-0.057396,2
0.275470,0.474679,0
-0.924808,0.329624,2
0.250418,-0.551675,1
0.915766,-0.867795,2
-0.663174,0.044293,2
-0.029521,-0.299610,3
0.568907,0.891988,0
-0.924559,-0.816955,3
0.708299,0.817665,0
-0.351283,0.187904,1
0.812036,0.557884,0
0.903749,0.128798,3
0.149200,0.422300,0
0.262985,-0.295859,1
0.103662,0.007537,3
0.646745,-0.620867,1
-0.517784,0.721937,1
0.708757,0.732635,0
-0.829738,0.624522,1
0.864840,-0.492912,1
-0.331185,-0.164682,0
0.207478,-0.762277,1
-0.272693,0.282919,1
-0.579233,-0.564394,0
0.100584,0.069484,3
0.623509,-0.087379,2
-0.372631,0.527258,1
-0.958581,0.776569,2
-0.050442,0.304404,2
-0.519291,-0.946780,3
-0.688059,-0.872546,3
-0.567647,-0.205843,0
0.849391,-0.858891,2
-0.473208,-0.980347,3
0.765632,-0.608369,1
-0.473259,-0.565553,0
0.226950,0.734219,0
-0.327830,0.954256,2
0.017138,0.092937,3
-0.610138,-0.882278,0
-0.837578,-0.986629,3
0.030343,-0.210209,2
0.540629,0.071762,3
-0.433641,-0.509812,0
-0.623834,0.047068,2
-0.456592,-0.311893,0
0.174523,-0.024240,2
0.482264,0.023914,3
0.116870,-0.990944,2
0.043567,-0.117498,2
-0.599312,0.570307,1
0.316949,0.627638,0
0.304526,0.989119,3
0.581894,-0.678336,1
0.082057,0.971756,3
-0.560614,0.244478,1
0.985127,0.469730,3
-0.965731,0.525757,2
-0.458509,-0.399372,0
-0.984056,-0.082343,3
0.647697,-0.440648,1
0.605764,-0.177781,1
0.535113,0.088029,3
0.846133,-0.348018,1
0.097085,-0.110300,2
0.534484,0.497772,0
-0.539993,-0.148567,0
0.125410,0.764533,3
-0.159448,-0.292696,0
-0.913803,0.922608,2
-0.320940,-0.474416,0
0.167087,-0.335813,1
0.995313,0.201356,3
-0.810056,-0.463195,0
0.801984,-0.794112,2
0.454462,0.449681,0
-0.234760,0.060226,2
-0.728100,-0.699647,0
-0.851745,-0.881967,3
-0.047665,0.245339,2
0.007733,-0.513181,2
-0.256889,0.467740,1
0.338252,0.868521,3
0.232273,-0.821196,2
-0.424175,0.318470,1
-0.898587,0.254884,2
0.844054,0.268500,3
0.919071,0.839367,3
-0.530144,-0.890985,0
-0.623828,-0.728160,0
-0.685097,0.830634,1
0.721521,0.080143,3
-0.109140,0.993421,2
0.380495,0.039115,3
-0.888546,-0.667170,3
-0.715546,0.119187,2
-0.180351,0.027565,2
-0.413073,-0.842099,0
-0.103914,0.819200,2
-0.663295,0.471911,1
0.137670,-0.561882,1
-0.273205,-0.018276,3
0.706618,-0.354134,1
-0.178908,-0.823527,3
-0.245119,0.197264,1
-0.551687,0.069783,2
0.027898,-0.830166,2
-0.850074,0.918758,2
-0.836745,0.530421,1
-0.042128,-0.725292,3
0.863251,0.242326,3
0.393895,-0.317100,1
-0.730108,0.980821,2
-0.159198,0.165978,2
0.800021,0.177507,3
-0.362111,-0.062309,3
0.615625,0.364684,0
0.919416,0.322243,3
-0.989450,-0.259492,3
0.498716,-0.234569,1
0.937772,0.947030,3
0.835214,-0.034331,2
-0.883136,0.985140,2
-0.115573,-0.719882,3
0.515561,0.842299,0
-0.445173,0.378812,1
0.084626,0.948721,3
-0.938287,0.354517,2
0.929543,-0.097485,2
-0.479505,0.729564,1
-0.919978,0.158384,2
-0.332745,0.695647,1
-0.476932,-0.413329,0
0.017890,-0.466382,2
0.327179,-0.483394,1
0.299048,0.264950,0
-0.536364,0.134263,1
-0.769381,-0.419500,0
0.119403,0.115047,3
-0.139381,-0.365036,0
-0.042654,0.415445,2
-0.986224,-0.958028,3
0.364167,-0.924511,2
0.396489,0.293709,0
-0.021997,0.916984,2
0.023273,0.058025,3
0.075368,0.690528,3
-0.246328,0.598436,1
-0.722801,0.771562,1
-0.867946,0.604378,1
-0.711832,0.431102,1
-0.130672,-0.248196,3
-0.434635,0.099947,2
0.332304,0.684767,0
-0.785006,-0.807077,3
-0.680269,0.172340,1
0.608368,-0.666493,1
0.214312,-0.027465,2
-0.591004,-0.389199,0
-0.733756,0.387000,1
-0.472215,0.289517,1
-0.554975,0.603153,1
-0.019954,0.198697,2
0.201590,0.257245,0
-0.029742,0.333644,2
-0.138377,0.258426,2
-0.235254,0.730951,1
-0.989769,0.330111,2
-0.169102,0.342535,1
0.014878,0.045892,3
0.535458,0.334609,0
-0.781768,0.143827,2
0.668117,0.432544,0
-0.883638,-0.922887,3
-0.956655,-0.617394,3
0.464112,-0.428870,1
0.672123,0.909137,3
-0.825717,-0.347831,0
0.107834,0.375873,3
0.909413,-0.921908,2
-0.290483,-0.228964,0
0.336518,0.474263,0
-0.498013,0.346749,1
-0.195627,0.332885,1
-0.310715,0.819252,1
-0.621223,-0.775257,0
0.153861,-0.402991,1
0.368570,-0.178023,1
-0.970447,0.484932,2
-0.100910,-0.927103,3
0.867537,-0.636797,1
-0.355973,0.539661,1
-0.727660,-0.181689,0
-0.808170,0.380173,1
-0.805816,-0.898757,3
0.458265,-0.096300,2
-0.127721,-0.205216,3
-0.622037,0.374266,1
-0.858467,0.182336,2
-0.292849,-0.169182,0
0.001588,0.085927,3
0.055561,-0.844552,2
0.682936,-0.575869,1
-0.022574,0.712489,2
0.909062,0.876516,3
0.785386,0.776600,0
-0.760281,-0.570586,0
0.316261,-0.487942,1
0.247724,0.508090,0
0.892232,0.441908,0
0.609333,0.350497,0
-0.654392,-0.518388,0
-0.854719,-0.276429,3
0.855878,-0.713186,2
0.905907,-0.436972,2
0.117632,-0.092505,2
0.648956,-0.826807,1
0.062943,0.331892,3
-0.402677,-0.959631,3
0.044381,-0.493614,2
0.916885,-0.170232,2
-0.717015,-0.843396,3
0.259181,0.599246,0
-0.331337,-0.493094,0
0.107336,-0.439106,1
0.948814,-0.283331,2
0.911391,-0.705578,2
0.198281,-0.943328,2
0.017993,0.054159,3
-0.656514,-0.076100,3
0.617188,0.461118,0
0.831395,0.266144,3
0.634310,-0.105662,2
-0.401964,-0.768366,0
-0.065292,0.642417,2
-0.261981,-0.148407,3
-0.527816,0.021005,2
0.008197,0.731366,3
-0.379749,0.676859,1
-0.761729,0.727587,1
-0.762246,-0.812915,3
-0.555744,-0.850855,0
-0.518493,0.642537,1
-0.794182,0.499500,1
-0.303303,-0.450696,0
-0.576600,-0.686116,0
-0.989578,-0.745205,3
0.580028,0.644732,0
0.149134,-0.821937,2
0.876366,-0.916159,2
0.820480,-0.385615,1
-0.064566,-0.707336,3
0.635390,0.943631,3
-0.975970,-0.744359,3
0.620491,-0.737698,1
0.983228,0.858244,3
-0.550613,-0.572516,0
-0.992610,-0.069106,3
-0.929979,-0.786792,3
-0.569606,-0.233282,0
-0.237488,-0.146206,3
0.080602,-0.227066,2
0.108590,-0.339370,2
-0.582334,-0.742277,0
-0.161307,-0.705968,0
-0.658436,-0.340826,0
-0.091583,0.276999,2
-0.048162,-0.456192,3
0.220630,-0.024132,2
-0.200551,-0.158880,3
0.238170,-0.217324,1
-0.300636,0.687556,1
0.210160,-0.293246,1
-0.381550,0.280181,1
-0.080038,0.048844,2
-0.953101,0.682474,2
0.902638,0.127501,3
-0.544593,0.011228,2
0.788131,-0.126927,2
0.268951,-0.373176,1
0.167105,0.610515,0
0.285998,-0.924477,2
-0.112486,-0.762164,3
-0.380670,-0.891857,3
0.213704,0.418779,0
-0.050737,-0.548126,3
-0.798545,0.648628,1
-0.860570,0.411615,1
-0.644618,-0.242120,0
-0.308203,0.275344,1
0.806724,-0.261304,1
-0.042182,0.709362,2
0.866197,0.413225,0
-0.279410,0.654328,1
-0.713702,0.989540,2
-0.718847,0.453403,1
0.600056,0.567151,0
0.528926,-0.512430,1
0.804987,-0.851744,2
-0.404287,0.018691,2
0.567035,0.544976,0
0.470565,0.768491,0
0.193604,0.609995,0
0.180106,0.548986,0
-0.632125,0.871903,1
-0.175670,-0.825401,3
-0.389402,0.782148,1
0.883961,-0.523205,1
0.195373,-0.395449,1
-0.868876,0.481671,1
-0.405909,-0.587724,0
-0.064925,-0.805853,3
0.979427,-0.535999,2
-0.318283,0.784414,1
-0.387743,0.277429,1
-0.196896,-0.820708,3
-0.177594,-0.726331,0
0.947783,-0.983990,2
0.883664,0.127889,3
0.564996,-0.748461,1
-0.000209,-0.610673,3
-0.573862,0.610390,1
-0.828525,-0.689901,0
-0.912815,0.366848,2
-0.085350,-0.781691,3
-0.151481,0.508741,1
-0.369415,0.783593,1
0.702888,-0.389988,1
-0.752406,-0.615396,0
-0.605574,-0.140149,0
0.662034,0.197530,0
0.039143,-0.515561,2
0.471199,-0.013074,2
-0.499551,0.354863,1
-0.885185,-0.934555,3
0.606402,0.114606,0
-0.545228,-0.967460,3
-0.275004,-0.373753,0
-0.657361,-0.187818,0
0.993094,0.257288,3
0.030491,-0.158387,2
-0.233971,0.661076,1
-0.374794,-0.531083,0
-0.728912,-0.127200,3
-0.146479,-0.334486,0
0.732651,-0.484446,1
0.863044,-0.228205,2
-0.000006,0.334243,2
0.758721,0.500443,0
-0.310893,0.873536,2
0.565888,-0.704491,1
-0.011858,-0.979340,3
-0.671951,0.713139,1
-0.353093,-0.329312,0
-0.474680,-0.359999,0
0.927976,0.555811,3
0.481614,-0.305995,1
0.216887,-0.893180,2
0.162922,0.487975,0
-0.020379,-0.983557,3
-0.846512,-0.287728,3
-0.468002,-0.983468,3
0.484067,0.531991,0
0.350776,0.242788,0
0.032434,-0.960118,2
0.116324,-0.401678,1
-0.664609,-0.895534,3
-0.381017,-0.336560,0
0.817605,0.265889,0
0.334128,-0.657075,1
0.905890,0.262104,3
0.898736,0.387504,3
0.956110,0.115623,3
0.494324,0.119032,0
-0.396402,-0.526056,0
0.135475,-0.242914,2
0.186216,0.667472,0
-0.226381,-0.329717,0
0.199463,-0.875606,2
0.913071,-0.768102,2
-0.835723,0.029395,2
-0.169780,-0.500332,0
0.133861,0.449203,0
0.163108,-0.048534,2
-0.284908,-0.502764,0
0.294391,-0.379018,1
0.759340,0.193127,3
-0.991515,0.715450,2
-0.691250,0.502809,1
-0.165519,-0.087652,3
0.976754,0.969956,3
0.669434,0.162970,0
0.637428,-0.556947,1
0.833253,-0.163108,2
-0.432553,0.746324,1
0.068790,-0.268276,2
-0.224282,0.899010,2
0.231392,0.909579,3
0.348212,-0.605500,1
-0.138955,-0.936696,3
-0.108265,-0.844564,3
-0.315714,-0.348925,0
0.348564,-0.307229,1
-0.633475,0.657314,1
-0.804419,0.201006,2
-0.430338,-0.827666,0
0.170963,-0.760904,2
0.335304,-0.191609,1
-0.317851,0.168557,1
0.645283,0.249596,0
-0.085119,-0.285927,3
0.981320,0.690599,3
-0.386918,0.212711,1
0.600179,0.961295,3
0.607211,-0.538776,1
-0.975401,-0.501054,3
-0.383340,-0.291115,0
0.150022,0.965224,3
0.401657,0.516547,0
0.622538,0.597237,0
-0.282447,-0.807800,0
0.769572,0.888516,3
-0.568703,0.104876,2
-0.303093,0.113445,2
-0.726567,-0.657810,0
-0.636959,0.188314,1
0.056262,-0.655639,2
-0.121087,0.669345,2
0.557072,-0.520909,1
0.630639,0.164283,0
-0.059685,0.655239,2
0.663229,0.556976,0
-0.635876,-0.186750,0
0.522200,0.765780,0
-0.670203,0.144738,1
0.363018,0.047350,3
0.336939,0.132590,3
-0.064134,0.768235,2
-0.762535,0.632773,1
-0.118319,-0.489102,0
0.974962,0.244722,3
0.699212,0.031225,3
0.589083,-0.421875,1
-0.299431,0.146155,2
0.057216,-0.668791,2
-0.689562,0.997532,2
0.986447,0.973666,3
0.554507,-0.649429,1
-0.213083,0.076707,2
-0.883648,0.116714,2
-0.778554,0.479369,1
-0.835935,0.558384,1
-0.388041,0.099931,2
0.326620,-0.150576,1
-0.267297,-0.791700,0
0.360323,-0.292334,1
0.453022,0.059535,3
0.738891,0.042105,3
0.637660,-0.560540,1
-0.811740,-0.305124,0
-0.229331,-0.501302,0
-0.307592,-0.242884,0
-0.527636,-0.753085,0
0.107687,0.259281,3
0.323622,0.224039,0
-0.624005,0.545068,1
-0.296592,-0.459940,0
0.103452,0.315367,3
0.639991,-0.569928,1
-0.835209,-0.627306,0
-0.361628,0.525114,1
0.080360,-0.908606,2
-0.415351,-0.180750,0
0.133499,-0.777692,2
0.258710,0.321759,0
-0.082816,-0.970621,3
0.820457,0.609592,0
-0.213505,-0.707179,0
0.856507,0.894182,3
0.552102,0.180129,0
0.118221,0.928098,3
-0.274803,0.821630,1
-0.531843,0.828649,1
0.136997,-0.891852,2
-0.741279,0.301788,1
-0.519158,-0.102908,0
-0.173098,0.561202,1
-0.011513,0.411551,2
-0.619548,-0.878014,0
0.633860,0.639162,0
0.443745,-0.448956,1
0.668541,0.264202,0
-0.839364,-0.544963,0
0.557023,-0.982858,2
-0.650781,0.109126,2
0.197271,0.467440,0
0.037223,0.922468,3
0.289070,0.505381,0
0.751117,-0.573933,1
0.613529,-0.990163,2
0.727855,-0.905629,2
-0.093070,-0.445243,3
0.655572,0.895416,3
0.966308,-0.963976,2
-0.982598,0.600168,2
0.675187,0.461147,0
-0.848788,0.343728,1
-0.274650,-0.688153,0
0.798765,-0.717627,1
-0.671010,-0.852016,0
0.391498,0.526261,0
0.615424,-0.571278,1
0.448729,-0.095506,2
0.934102,0.199846,3
0.330560,0.547631,0
0.209684,0.058415,3
0.642001,-0.883387,2
0.613172,0.297574,0
-0.987970,0.579480,2
0.333598,-0.970568,2
0.179648,0.008785,3
0.490579,0.330860,0
-0.647487,-0.784071,0
0.642707,-0.848722,1
-0.501698,0.971697,2
-0.700738,0.889800,2
0.497958,0.914686,3
-0.681478,-0.053312,3
-0.180820,-0.747376,3
-0.853466,-0.850260,3
0.800255,0.356217,0
0.208156,0.442257,0
0.472831,-0.178672,1
-0.260170,0.484861,1
-0.599192,-0.926572,3
0.514293,0.580456,0
0.082213,0.004872,3
-0.088684,0.434726,2
0.220801,-0.445976,1
0.586004,0.719103,0
-0.474279,0.885266,1
0.608903,-0.976321,2
0.799952,0.927426,3
-0.029633,-0.380868,3
-0.819950,0.116900,2
-0.231127,0.980305,2
-0.526882,0.977028,2
0.422562,0.945948,3
-0.201644,-0.837608,3
0.430809,0.199164,0
-0.764180,-0.054898,3
-0.220380,0.318033,1
0.949974,0.690936,3
-0.247241,0.170775,2
-0.755040,-0.661236,0
-0.110122,-0.229319,3
-0.775970,-0.501219,0
-0.205640,-0.976018,3
-0.573794,0.764726,1
-0.356885,-0.393744,0
-0.118374,0.411987,1
-0.413439,0.354744,1
0.389016,-0.990877,2
0.300692,-0.812628,1
-0.828485,-0.268499,3
0.386536,-0.592666,1
0.676603,-0.833844,1
0.725368,0.626577,0
0.857093,-0.521873,1
-0.202649,-0.897947,3
-0.183109,0.687229,1
-0.127267,0.040920,2
-0.813990,0.667093,1
0.064903,-0.387784,2
0.431819,0.708017,0
0.218472,-0.686554,1
0.120004,0.805034,3
0.668190,-0.490980,1
0.814157,-0.031118,2
-0.303608,0.985671,2
0.700384,-0.917072,2
-0.606995,0.376987,1
-0.750916,-0.881627,3
0.003563,-0.893823,2
-0.403500,0.800915,1
-0.791771,0.413391,1
0.488143,0.080963,3
-0.545689,0.674153,1
-0.251944,0.519214,1
-0.713631,-0.820125,0
0.227231,0.504842,0
-0.506679,-0.652765,0
0.309875,-0.838489,1
-0.143745,0.124032,2
0.130393,0.552647,0
0.109703,-0.169223,2
0.635575,0.502708,0
-0.792237,0.884659,2
0.621081,0.211327,0
0.990835,-0.782419,2
0.012241,-0.800935,2
0.630972,-0.499616,1
0.280027,-0.914717,2
-0.825463,-0.971917,3
0.604497,-0.539094,1
-0.792042,-0.168273,3
0.965748,-0.298722,2
0.178963,0.275623,0
-0.137211,-0.964782,3
-0.600345,0.993182,2
0.587865,0.509358,0
-0.176042,0.223440,2
0.012066,0.031722,3
0.108099,-0.366853,2
-0.756951,0.098934,2
-0.149271,0.255290,2
0.297999,-0.518299,1
0.755674,-0.421974,1
-0.433016,0.930212,2
-0.393891,-0.828520,0
-0.608882,-0.185933,0
0.003208,-0.643134,2
0.515345,-0.817830,1
0.632489,-0.621866,1
-0.782612,-0.967856,3
-0.628684,0.805253,1
0.541502,0.195275,0
0.028693,-0.446433,2
-0.773004,-0.863208,3
0.186715,-0.529955,1
0.235726,-0.962556,2
0.725335,-0.466276,1
-0.480856,0.481009,1
0.111751,0.086128,3
0.411221,0.717860,0
0.257609,0.802339,0
-0.468074,-0.739184,0
-0.840796,-0.952728,3
-0.557013,0.791693,1
-0.574594,-0.339625,0
0.823837,-0.203278,2
-0.534372,0.365339,1
0.991996,0.494321,3
0.918906,-0.781007,2
0.631113,0.105621,3
-0.310962,-0.133161,3
0.143065,-0.585627,1
0.400563,0.662209,0
0.895382,-0.487686,1
-0.251663,0.306603,1
-0.769827,-0.994054,3
0.108941,-0.237900,2
-0.733238,0.268146,1
-0.190629,-0.290251,0
0.059839,0.234777,3
0.370124,-0.116323,2
-0.968501,0.835752,2
-0.750985,-0.976505,3
0.330074,-0.832078,1
-0.757512,-0.038813,3
0.273543,-0.068474,2
0.828026,-0.583393,1
0.345899,0.228589,0
-0.921183,0.241281,2
0.740903,-0.172846,2
-0.452116,0.971076,2
-0.166900,0.656826,1
-0.266824,0.099862,2
-0.075029,0.542547,2
0.809611,0.984811,3
-0.222676,0.179735,2
-0.131513,-0.191177,3
0.015488,0.117503,3
-0.167681,-0.654438,0
0.285424,0.074807,3
0.306748,-0.441033,1
-0.993667,0.134774,2
-0.024426,0.352232,2
-0.636637,0.054391,2
-0.406486,-0.895734,3
0.881545,0.141398,3
-0.924657,-0.285355,3
-0.201777,-0.191481,3
0.814507,0.723195,0
-0.648933,0.624118,1
0.708006,0.128391,3
-0.196147,-0.423507,0
0.937214,0.819341,3
0.693995,-0.230467,1
-0.835098,-0.020580,3
0.844340,0.471651,0
0.538386,0.850673,0
-0.393575,-0.486039,0
0.202905,-0.030212,2
0.568352,0.796419,0
0.074055,0.449897,3
-0.062183,0.149398,2
-0.835458,0.736040,2
0.957917,0.979048,3
0.459235,-0.691017,1
0.603166,0.167240,0
0.437374,-0.592980,1
0.743733,0.374588,0
-0.773640,0.437729,1
-0.855879,-0.608737,0
-0.582852,0.988461,2
0.862914,0.955535,3
0.839134,-0.530661,1
-0.530505,0.042039,2
0.439127,-0.962153,2
-0.161543,-0.486818,0
0.487744,0.776274,0
0.662580,0.652286,0
0.512314,0.620497,0
0.631334,-0.028451,2
0.929480,0.234501,3
-0.861211,0.366855,1
0.641520,0.882522,3
-0.258557,0.867881,2
0.320251,-0.114436,2
-0.740856,0.737399,1
-0.125975,-0.877943,3
0.692933,-0.286841,1
-0.408604,-0.837572,0
0.755197,-0.969476,2
-0.799724,-0.406345,0
-0.456294,0.688020,1
-0.630071,-0.793714,0
0.340306,0.882242,3
0.826782,-0.028360,2
-0.146209,0.756263,2
-0.793859,-0.007420,3
0.123117,0.847661,3
-0.124898,0.864560,2
0.715542,-0.804647,1
-0.249875,0.974685,2
0.932751,0.624150,3
-0.903257,0.625684,2
-0.662692,-0.311861,0
0.788113,-0.907494,2
-0.281337,0.988388,2
-0.313840,0.262368,1
0.676408,0.056089,3
0.468654,0.016714,3
-0.061669,0.295437,2
0.988354,0.792122,3
0.051699,-0.805506,2
-0.215298,-0.825183,3
-0.957845,0.659804,2
-0.960623,0.757697,2
0.855157,-0.210498,2
0.732382,0.787908,0
-0.586348,0.829125,1
0.413592,-0.249040,1
-0.482736,0.201705,1
-0.156534,0.235927,2
0.190094,0.529626,0
-0.501704,-0.133498,0
-0.414285,0.966950,2
0.883216,0.524046,0
0.262386,0.871570,3
0.316169,-0.685914,1
-0.933936,-0.899129,3
-0.511097,-0.891781,0
0.760676,-0.471720,1
0.865916,0.615833,0
0.317781,0.598299,0
0.403741,0.731433,0
0.427424,-0.182666,1
-0.517607,0.944689,2
-0.980961,0.325859,2
0.180616,0.209132,3
-0.144515,0.678911,1
-0.924366,0.441200,2
0.645861,0.958850,3
-0.034754,-0.091752,3
0.830419,-0.718585,1
0.222333,0.896483,3
-0.617713,0.711236,1
-0.995297,-0.857037,3
-0.760484,0.870619,2
0.758795,0.557297,0
0.468918,0.162537,0
0.288730,-0.103658,2
0.979870,0.771123,3
-0.158969,0.998909,2
0.096982,-0.978354,2
0.208041,0.952467,3
0.700558,0.283675,0
0.393667,0.346419,0
0.242525,-0.641086,1
-0.745333,0.072944,2
-0.359671,0.477000,1
-0.030573,0.022616,2
0.188236,-0.025870,2
0.165578,0.427752,0
-0.155251,-0.075626,3
-0.014951,-0.686333,3
-0.913090,-0.726221,3
0.210009,-0.933220,2
-0.955098,-0.948960,3
-0.934311,0.141884,2
-0.927314,0.273730,2
0.094351,0.773244,3
-0.442595,-0.511982,0
0.119663,0.799930,3
-0.153068,0.374330,1
-0.127126,0.487261,1
-0.148670,0.842301,2
-0.490124,-0.960434,3
-0.183569,0.675454,1
0.467317,0.661180,0
-0.400172,-0.547634,0
0.974847,-0.313262,2
-0.273855,0.184856,1
-0.246482,-0.228953,0
0.235895,-0.180792,2
0.912931,0.308581,3
-0.907062,0.007282,2
0.081825,-0.349657,2
0.495301,-0.798512,1
-0.549726,-0.657767,0
0.575818,0.323148,0
0.829494,-0.572853,1
0.165449,-0.660630,1
-0.533287,0.981880,2
-0.985176,0.934030,2
0.643060,-0.385348,1
-0.613604,0.617907,1
0.301391,0.112541,3
-0.197238,-0.945091,3
0.883588,-0.961343,2
-0.125883,0.796519,2
0.347239,-0.032945,2
-0.196198,-0.570936,0
0.617398,-0.700898,1
-0.369448,-0.932328,3
-0.358665,-0.793630,0
0.390819,-0.529171,1
-0.366483,-0.443732,0
-0.189801,0.100230,2
-0.461851,-0.174977,0
0.034260,-0.818792,2
0.439676,0.420656,0
0.799115,-0.258934,1
-0.466803,-0.398123,0
-0.204025,-0.583215,0
-0.359465,0.670092,1
-0.786696,0.987774,2
-0.362854,0.017106,2
-0.583163,-0.745456,0
0.316208,0.047390,3
-0.677784,0.957543,2
0.253760,0.713036,0
-0.571628,0.887277,1
-0.730696,0.238571,1
-0.012493,-0.192547,3
-0.936405,-0.978233,3
-0.011339,0.503270,2
0.442423,-0.212224,1
-0.755663,0.975621,2
0.389654,0.040312,3
-0.607594,-0.969812,3
-0.289596,-0.394290,0
-0.982038,0.347550,2
0.622816,-0.565201,1
0.602095,-0.060976,2
0.482189,0.924311,3
-0.103432,-0.264052,3
0.637347,0.324940,0
-0.376775,0.906651,2
-0.436489,0.610732,1
-0.285897,-0.372894,0
0.632499,0.702764,0
-0.869624,0.074923,2
-0.509460,-0.625287,0
0.050543,0.880194,3
0.415025,0.442949,0
0.910382,-0.874572,2
-0.951341,0.928344,2
0.472979,0.671475,0
-0.636857,0.075073,2
-0.389501,0.845332,1
-0.000616,0.507067,2
-0.418719,-0.363270,0
-0.167993,0.204506,2
-0.456619,0.395519,1
-0.184762,0.257484,1
-0.977375,-0.552263,3
-0.039752,-0.846999,3
0.522660,0.450789,0
-0.472286,-0.426797,0
0.330983,0.942739,3
-0.983848,0.241365,2
-0.931833,-0.935189,3
0.169709,0.541146,0
0.736286,0.532852,0
-0.383781,-0.653215,0
0.378185,0.615603,0
0.853852,0.959466,3
-0.747667,-0.314140,0
0.163971,-0.204286,2
-0.918622,0.979209,2
-0.946801,-0.895997,3
-0.573054,0.013447,2
-0.742996,0.949606,2
-0.535765,-0.215282,0
-0.477192,0.795218,1
-0.272544,-0.461040,0
0.036583,-0.204377,2
-0.396229,-0.793708,0
-0.663231,-0.659943,0
0.739144,-0.047012,2
-0.313158,0.117329,2
-0.431409,-0.459306,0
0.076795,-0.179076,2
0.226554,-0.759234,1
0.616639,0.307932,0
-0.780025,0.669837,1
0.411935,-0.353078,1
-0.316716,0.668938,1
-0.403473,0.147520,1
-0.546344,0.119336,1
-0.057262,0.181112,2
0.658296,0.979320,3
0.976736,-0.737933,2
-0.814388,-0.686495,0
-0.397876,0.924757,2
0.266493,0.288966,0
0.042086,0.835084,3
0.829661,-0.881120,2
-0.343992,0.056215,2
-0.640354,-0.727353,0
-0.635853,-0.420379,0
0.942484,0.776082,3
0.226543,-0.374232,1
0.445020,0.823070,0
0.773288,0.898676,3
-0.057594,-0.283974,3
0.079788,-0.399298,2
-0.304654,0.056524,2
-0.137231,-0.119042,3
0.370029,0.464893,0
-0.194285,-0.363478,0
-0.246141,0.847800,2
-0.528394,-0.416480,0
0.966680,0.127614,3
0.639735,-0.673673,1
0.400261,-0.996119,2
-0.094052,0.342745,2
0.779963,-0.867509,2
0.968513,0.224983,3
0.955561,0.741802,3
0.123659,-0.102033,2
-0.542173,-0.796553,0
0.498669,0.153173,0
0.259972,-0.638562,1
-0.965869,-0.369999,3
0.826331,-0.160154,2
0.266522,-0.419810,1
-0.312353,0.738128,1
0.163710,-0.345673,1
-0.134258,-0.196555,3
-0.019346,-0.733997,3
-0.192674,0.886602,2
0.608748,-0.412711,1
-0.980908,0.577262,2
0.812272,0.974653,3
0.319063,-0.064068,2
