-0.204866,0.193028,3
-0.032192,-0.351667,4
0.616867,0.925914,4
-0.976755,-0.361779,4
-0.885457,-0.498918,1
0.038378,0.069500,4
0.527283,0.930196,4
0.674201,-0.457337,2
-0.740460,0.734145,2
-0.504387,0.651905,2
-0.560172,0.384324,2
0.634785,-0.138441,2
-0.056780,0.546654,3
-0.626796,0.062309,3
0.958516,0.627745,4
0.302651,-0.246349,2
-0.179227,-0.729541,1
0.401984,-0.562361,2
-0.803627,0.425229,2
0.075860,-0.689084,3
0.926311,-0.885762,3
0.380416,0.453594,1
-0.955566,0.054617,3
0.996257,-0.696026,3
-0.211238,-0.508130,1
0.955879,0.228590,4
0.876194,0.590665,1
-0.909851,-0.180586,4
0.137318,-0.536647,2
0.881723,0.095835,4
-0.908902,0.184374,3
0.849486,-0.088130,3
0.454833,0.251469,1
0.349510,0.651206,1
-0.323302,-0.574630,1
0.962123,-0.396991,3
-0.460392,0.342538,2
-0.943397,-0.415957,4
-0.602845,-0.947141,4
-0.111983,0.185917,3
-0.455271,-0.156104,1
-0.585494,-0.579076,1
-0.565439,-0.495345,1
0.240338,0.571879,1
-0.031992,0.122061,3
-0.332286,0.059106,3
-0.693565,-0.482801,1
0.970976,0.761268,4
0.768669,0.320486,1
0.412474,-0.554633,2
0.745856,0.374597,1
0.048375,-0.714536,3
-0.282865,0.104978,3
-0.130493,0.114290,3
0.157838,0.757524,4
-0.699793,0.702567,2
-0.398580,-0.285286,1
-0.876509,0.035981,3
0.219369,0.363829,1
-0.392140,-0.812623,1
-0.514110,0.275574,2
0.246483,-0.207675,2
0.792773,0.217458,4
-0.446407,0.561442,2
-0.462056,0.966067,3
-0.993191,-0.716200,4
0.340664,0.055184,4
-0.430736,-0.942201,4
-0.839838,0.438770,2
0.172090,0.318000,1
0.196294,0.472297,1
0.020567,0.797714,4
-0.812989,0.144058,3
-0.166306,0.406380,2
-0.492113,0.441554,2
0.593757,-0.006222,3
-0.282872,-0.159760,4
0.786103,-0.490099,2
-0.942302,-0.660304,4
-0.928657,-0.404358,4
-0.694237,-0.921849,4
-0.120558,0.646427,3
0.133335,0.448706,1
0.704227,0.293498,1
-0.112524,-0.123684,4
-0.388502,-0.916230,4
-0.651386,0.632065,2
0.881483,-0.464375,2
-0.223877,-0.284822,1
0.942005,0.284011,4
-0.843268,0.535762,2
-0.722212,-0.126140,4
-0.623999,-0.936109,4
0.383760,-0.566300,2
-0.596414,0.455103,2
0.029342,-0.290651,3
0.533255,0.908784,4
-0.644224,-0.333410,1
0.357490,-0.939997,3
0.960088,-0.755034,3
-0.063681,-0.428415,4
-0.671264,0.284933,2
-0.796350,-0.789781,4
0.820557,-0.020227,3
-0.074603,0.762562,3
-0.736216,0.082129,3
0.298324,-0.458428,2
0.955988,0.674325,4
-0.394537,0.339749,2
-0.891975,0.009049,3
-0.205148,0.137367,3
0.718398,-0.671893,2
0.046151,-0.925825,3
-0.005303,-0.596359,4
-0.865823,-0.045216,4
-0.351393,0.070497,3
0.526370,-0.022657,3
-0.644570,0.730020,2
0.187562,-0.824013,3
-0.290207,-0.887041,4
0.938549,-0.026423,3
0.195088,0.236873,4
0.515149,0.151076,1
-0.088801,-0.879388,4
-0.509175,0.019224,3
0.129661,0.285677,4
-0.843409,-0.151941,4
0.613783,0.202742,1
-0.077766,-0.391520,4
0.606383,0.056411,4
0.563264,-0.745010,2
-0.873092,0.089634,3
0.232332,-0.517662,2
-0.180346,-0.580105,1
-0.341675,0.529447,2
-0.467146,-0.403126,1
-0.496976,0.727942,2
0.833747,-0.981827,3
-0.120982,-0.255054,4
-0.861215,0.369843,2
0.764170,0.268446,1
-0.344480,0.920760,3
-0.883495,-0.730696,4
0.123502,0.038739,4
-0.122216,-0.270115,4
-0.904849,-0.558952,4
-0.015126,-0.777941,4
0.530682,-0.782793,2
-0.295604,-0.649664,1
-0.362899,0.362721,2
0.879782,0.169955,4
0.959595,-0.617194,3
-0.102103,0.793342,3
-0.599021,0.776915,2
-0.461712,-0.460236,1
0.146759,-0.697542,3
0.808210,0.802279,4
-0.776782,0.924715,3
-0.928418,0.346720,3
-0.036546,-0.050634,4
-0.923395,0.058605,3
0.390414,0.061479,4
0.280664,-0.078904,3
0.278686,0.985060,4
0.271432,0.915787,4
0.347781,0.151214,1
0.085743,0.307376,4
0.534020,0.983640,4
0.100718,0.934999,4
0.760555,0.639006,1
-0.525237,-0.092686,4
0.941464,-0.717027,3
-0.290407,-0.835318,1
-0.792312,-0.218825,4
0.511402,0.171142,1
0.730541,0.588007,1
-0.770253,0.120956,3
-0.350514,0.510411,2
-0.957948,0.928172,3
0.495471,0.313484,1
0.843960,-0.156748,3
-0.535302,-0.070297,4
-0.849372,0.998718,3
-0.086657,0.251347,3
0.933718,-0.326102,3
-0.109647,-0.591519,4
0.581212,-0.168183,2
-0.308546,-0.709196,1
-0.003500,-0.100858,4
0.071979,-0.492098,3
-0.929715,-0.197479,4
-0.904091,-0.699968,4
0.923476,-0.254604,3
0.810443,0.965528,4
-0.326432,0.305914,2
0.279012,-0.482472,2
-0.850834,0.743710,3
0.447231,-0.700206,2
0.742428,-0.639427,2
0.551141,0.676146,1
0.034471,-0.558506,3
-0.915373,-0.384317,4
0.273311,-0.223919,2
-0.093513,-0.730189,4
0.675223,0.978467,4
-0.222287,0.745508,2
-0.219013,-0.126378,4
-0.954460,-0.295536,4
0.619017,0.855983,1
-0.330008,-0.707415,1
0.161897,0.949004,4
-0.189887,0.311063,2
0.692715,-0.742656,2
0.610858,0.435143,1
-0.382083,0.161999,2
0.111289,0.652389,4
0.603492,0.195916,1
-0.731928,-0.123196,4
0.971997,0.174559,4
0.146615,0.647220,1
0.153026,0.924327,4
0.392728,0.934013,4
-0.202051,0.438268,2
-0.361523,-0.583033,1
0.294251,0.308470,1
-0.290448,-0.543852,1
0.257474,0.519666,1
0.767211,-0.049811,3
0.777010,0.378069,1
-0.614668,-0.605073,1
-0.459933,0.496621,2
-0.952684,-0.856440,4
-0.307463,-0.684613,1
0.020364,-0.335466,3
0.489947,-0.833022,2
-0.688245,-0.357027,1
-0.908695,0.704483,3
-0.423014,-0.110745,1
0.142751,0.215463,4
0.306222,-0.562998,2
-0.476067,-0.984226,4
-0.106850,0.781407,3
0.535439,-0.339638,2
-0.268404,0.312449,2
-0.961570,0.116927,3
0.707376,-0.421502,2
-0.386452,0.754692,2
-0.277942,0.306085,2
-0.929921,0.742421,3
0.970620,0.560026,4
0.909399,-0.717625,3
-0.797002,-0.999295,4
0.986858,-0.220016,3
-0.110040,0.129609,3
0.995448,-0.803819,3
0.566611,-0.480619,2
-0.788045,-0.540238,1
-0.699212,0.747395,2
0.120123,0.032383,4
0.059844,0.158554,4
-0.850689,-0.232780,4
0.737052,-0.237141,2
-0.478089,-0.540891,1
-0.931055,-0.408010,4
-0.798470,-0.960436,4
-0.847984,-0.889071,4
-0.678061,-0.644986,1
-0.888366,-0.691203,4
0.134998,0.001594,4
0.438406,0.130446,1
0.197775,0.005017,4
0.649826,0.409730,1
0.464779,0.950614,4
0.157125,-0.415098,2
-0.017003,-0.783032,4
0.743456,0.132308,4
-0.015812,0.480508,3
0.895167,0.506099,1
0.939617,0.964112,4
-0.901911,-0.858853,4
-0.996323,-0.749896,4
-0.747924,-0.674384,1
-0.394882,-0.636289,1
-0.365587,0.740116,2
0.365304,-0.927181,3
-0.129438,-0.436921,1
0.077836,-0.479612,3
0.972809,-0.457385,3
-0.528998,0.129934,2
0.127517,0.453999,1
0.346902,-0.129027,3
-0.413692,-0.668910,1
-0.648520,-0.518525,1
0.837188,-0.708903,2
-0.554413,0.935277,3
-0.567756,-0.550736,1
-0.814618,-0.315679,1
-0.225120,-0.209500,1
0.048031,0.409292,4
-0.469384,-0.586664,1
0.482111,0.401178,1
-0.023585,-0.440053,4
0.921566,-0.050776,3
0.102561,-0.607432,3
-0.920842,-0.769922,4
0.846567,0.426060,1
0.101051,-0.567126,3
0.757149,0.452531,1
-0.085651,0.594338,3
0.743629,0.359936,1
0.529615,-0.824127,2
0.809200,0.714997,1
-0.139807,-0.415920,1
-0.494503,0.908224,3
0.993372,0.036113,4
-0.678440,0.475483,2
-0.562709,0.297975,2
-0.964571,-0.641144,4
-0.752801,0.137991,3
-0.248576,-0.673644,1
0.368069,-0.402009,2
0.752416,-0.530880,2
0.030865,0.509565,4
0.921651,0.945214,4
0.103903,0.665280,4
0.305151,-0.366482,2
0.841152,0.114351,4
-0.651484,-0.298654,1
0.698431,-0.145987,3
-0.390430,0.691803,2
0.890126,-0.068870,3
0.167286,-0.672583,2
-0.770895,0.202715,3
-0.313727,-0.523697,1
-0.659295,0.437697,2
-0.197340,0.708774,2
-0.964312,-0.444924,4
-0.822106,0.066553,3
-0.935359,-0.900455,4
0.011768,0.168544,4
0.764825,-0.683082,2
0.802063,0.605977,1
0.431269,-0.849422,2
-0.692677,0.129700,3
0.004591,-0.083107,3
-0.178497,-0.105283,4
0.848023,0.988788,4
0.222133,-0.922872,3
0.191503,0.908407,4
-0.446569,0.532209,2
0.346104,0.356091,1
0.240983,0.381792,1
0.911167,0.418877,4
-0.551655,0.975808,3
0.518421,0.460112,1
0.144352,0.283246,4
0.777030,-0.053585,3
-0.110777,0.208300,3
0.096994,0.196546,4
-0.662000,-0.898415,4
-0.886561,0.159503,3
-0.003699,0.961462,3
0.148291,-0.781565,3
-0.961410,-0.660206,4
-0.873159,-0.407979,1
0.872003,0.472945,1
0.948112,0.112985,4
-0.145263,0.859278,3
-0.468138,0.303082,2
0.835086,-0.949717,3
-0.236806,-0.020562,4
0.333529,-0.459776,2
0.925853,-0.777247,3
0.748524,0.022847,4
0.419299,-0.913476,3
0.124432,0.532738,1
0.246026,-0.879267,3
0.494200,-0.605683,2
-0.660832,0.532789,2
-0.265889,-0.533991,1
-0.875190,-0.393886,1
0.938955,-0.927078,3
0.719100,-0.206308,2
0.932200,-0.749038,3
-0.903227,0.767286,3
-0.698755,-0.140033,4
-0.253276,0.634775,2
0.400191,-0.327423,2
0.857527,0.148715,4
0.695424,0.276826,1
0.235239,-0.180144,3
-0.190436,-0.518735,1
-0.059411,-0.696236,4
-0.124417,0.279757,3
0.836553,0.609694,1
0.745766,0.961363,4
-0.784192,0.684721,2
-0.965715,0.934908,3
-0.521587,0.966485,3
-0.814130,-0.424814,1
0.733771,-0.512885,2
0.435153,-0.519505,2
-0.878110,-0.164656,4
0.153072,0.979417,4
0.984059,-0.151503,3
0.256243,0.219298,1
0.668352,-0.934193,3
0.700563,-0.391059,2
-0.630429,-0.423854,1
0.888698,-0.793876,3
-0.814160,0.634465,2
-0.832513,-0.598352,1
0.319186,-0.798227,2
-0.663444,0.797598,2
-0.831742,-0.477574,1
-0.627216,0.902029,3
0.009541,0.807936,4
-0.617476,0.131430,2
-0.356720,0.535596,2
0.110847,-0.372661,3
-0.615907,-0.632909,1
0.846636,-0.947555,3
-0.567102,0.547199,2
-0.338613,-0.197531,1
-0.876655,-0.449915,1
0.008593,-0.690816,3
-0.815450,0.176080,3
-0.289168,0.503735,2
0.377853,0.047388,4
0.301333,0.546110,1
0.569814,0.674117,1
0.448139,-0.420645,2
0.482054,0.830663,1
0.710785,-0.874666,3
0.366259,-0.178368,2
-0.247328,0.750352,2
0.188723,-0.400691,2
0.802797,0.621621,1
-0.853492,-0.535816,1
-0.575911,-0.730147,1
0.014269,0.432682,4
-0.420963,0.198819,2
-0.391238,0.289870,2
-0.297446,0.986614,3
-0.662742,-0.996113,4
0.532725,0.907072,4
0.678005,-0.019136,3
-0.513574,0.160058,2
-0.188474,-0.802789,4
0.285392,-0.822215,2
0.018844,-0.961936,3
0.928136,-0.792433,3
-0.362628,0.730933,2
0.829187,-0.216120,3
-0.804883,-0.746724,1
0.053733,0.209386,4
0.685958,0.632770,1
-0.591795,-0.705280,1
-0.077360,0.110759,3
-0.718665,0.259898,2
0.114646,0.814059,4
0.166970,-0.207349,3
-0.205077,0.653396,2
0.952709,0.606449,4
0.850608,0.238101,4
0.784234,-0.130549,3
0.276165,0.712370,1
0.077018,0.913537,4
0.443304,-0.093795,3
-0.302583,0.638421,2
0.159481,0.751150,4
-0.152193,-0.154560,4
0.383921,0.256012,1
0.140160,-0.693440,3
-0.633229,0.421495,2
0.566458,0.481417,1
0.235554,-0.266572,2
-0.725932,-0.969523,4
-0.613176,-0.773224,1
0.636927,-0.762569,2
0.464877,0.421161,1
0.106883,-0.258958,3
0.133531,-0.816100,3
-0.345421,-0.423165,1
0.090105,0.351996,4
-0.784744,-0.750413,1
0.103147,0.063063,4
0.095026,-0.512933,3
-0.680925,-0.764814,1
-0.206372,-0.314154,1
0.656681,-0.639914,2
-0.832737,-0.107764,4
0.093514,-0.558670,3
-0.077287,0.480337,3
-0.331893,-0.440360,1
0.717769,-0.867016,3
0.980800,-0.175349,3
-0.125974,0.114331,3
0.008551,0.528605,4
0.691166,-0.901343,3
-0.119399,0.906422,3
-0.651757,0.983747,3
-0.030515,0.443270,3
-0.529185,0.288561,2
0.678456,0.264443,1
0.974407,0.335137,4
0.624528,-0.858330,2
-0.772627,-0.281958,1
-0.417000,0.150086,2
-0.801621,0.251107,2
0.709725,0.916148,4
0.384091,0.690525,1
-0.259201,-0.741883,1
-0.195144,0.749351,2
0.786722,-0.503978,2
0.848008,-0.332678,2
-0.597556,-0.803749,1
-0.348930,0.371930,2
0.639520,0.121885,4
-0.339509,0.317976,2
-0.613673,-0.365102,1
-0.346887,-0.989144,4
-0.223433,-0.119514,4
-0.271102,0.359568,2
-0.969428,-0.072723,4
-0.389325,0.740297,2
-0.156575,0.994766,3
0.430822,0.584224,1
-0.747117,-0.764322,1
0.333575,-0.960395,3
-0.268300,0.181583,2
-0.293073,0.134145,3
0.377834,0.357997,1
-0.493926,0.017354,3
-0.520119,0.166565,2
-0.664670,-0.133792,4
0.801463,-0.011556,3
-0.122936,-0.421970,1
0.868930,0.605962,1
0.937598,0.899501,4
-0.466761,-0.451727,1
0.639798,0.376664,1
-0.456961,0.070620,3
-0.039112,-0.204078,4
0.306298,-0.705537,2
-0.164473,-0.962002,4
0.476046,0.542454,1
0.172143,-0.146120,3
-0.099550,0.678217,3
0.871234,0.380332,1
-0.155218,-0.793436,4
-0.753460,-0.353755,1
0.195008,0.123604,4
0.224275,0.063937,4
-0.270434,0.161873,3
-0.036561,0.262804,3
0.710145,-0.396763,2
-0.360532,-0.746816,1
0.673856,0.600356,1
0.049106,-0.019846,3
0.894819,0.884633,4
0.018152,0.370865,4
0.427087,-0.809706,2
-0.775255,-0.672463,1
0.868511,-0.904021,3
0.707869,-0.286706,2
-0.697457,0.954409,3
0.359538,0.497550,1
0.078014,-0.416187,3
-0.438513,0.807579,2
0.745686,0.524926,1
0.070384,0.455831,4
-0.871837,0.709852,3
0.709016,0.802019,1
0.310208,-0.241878,2
-0.217827,0.205027,3
-0.357245,0.800325,2
-0.424107,-0.930159,4
0.990619,-0.199362,3
-0.602621,0.859131,2
-0.103383,-0.894752,4
-0.427576,0.199159,2
-0.940343,0.931963,3
-0.303290,0.137670,3
-0.484224,0.258197,2
-0.054750,-0.738538,4
-0.216877,-0.984366,4
0.717294,-0.088714,3
0.725486,0.426309,1
-0.286695,0.035694,3
-0.815569,0.495478,2
-0.759279,-0.172814,4
0.295803,-0.183386,2
-0.102973,0.286422,3
0.617252,0.294406,1
0.145553,-0.486131,2
0.399654,0.717977,1
0.713029,0.459310,1
0.649939,-0.590262,2
-0.403019,-0.834285,1
0.667935,0.542230,1
-0.572823,-0.548942,1
0.557864,-0.855529,2
0.362344,0.283350,1
0.570780,-0.924351,3
-0.680956,0.755211,2
0.571128,-0.440235,2
-0.417603,-0.133069,1
0.376379,0.479424,1
-0.846647,-0.006369,4
-0.226170,0.298905,2
0.507500,-0.826516,2
0.016882,0.220529,4
0.632794,-0.333179,2
0.630267,-0.770225,2
-0.167464,0.298202,2
0.772005,0.259713,1
0.749260,0.329869,1
0.404184,0.111605,4
-0.386781,-0.025036,4
0.187254,-0.067737,3
-0.269825,-0.241618,1
0.492027,0.312572,1
0.625312,-0.131594,2
-0.208004,0.778665,3
0.862037,0.565826,1
0.077570,0.369537,4
0.739310,-0.905549,3
-0.409934,0.372103,2
-0.238728,-0.779668,1
0.601878,0.593808,1
0.518534,0.373883,1
-0.146479,0.267794,3
-0.296247,-0.742295,1
-0.620601,0.316972,2
0.232669,0.566653,1
-0.750766,0.962843,3
-0.674965,0.741262,2
0.275415,0.950347,4
-0.390332,-0.932589,4
0.729012,-0.528295,2
0.633236,-0.193418,2
0.841242,0.372546,1
-0.098967,-0.568693,4
-0.255351,0.662306,2
-0.348360,-0.653472,1
0.256114,-0.829826,3
0.720411,-0.890365,3
0.437969,-0.575837,2
-0.632660,0.817368,2
0.741135,0.600009,1
0.384021,0.990369,4
0.562852,0.709056,1
0.731631,-0.161733,3
0.659403,-0.658701,2
-0.094322,0.388415,3
-0.186997,-0.461086,1
-0.805003,-0.345755,1
0.911460,0.096030,4
0.085553,-0.343890,3
-0.241664,0.737193,2
0.002637,-0.985550,3
0.907367,-0.276952,3
-0.875915,0.345335,3
0.147211,-0.508575,2
0.162703,-0.111654,3
-0.908566,-0.453276,4
-0.121284,0.654287,3
-0.744221,-0.389653,1
-0.507446,0.915182,3
-0.048354,0.398232,3
0.303597,0.764649,1
0.937146,0.498594,4
-0.581106,0.848606,2
-0.405375,0.504447,2
-0.495284,0.352961,2
0.241639,0.507353,1
0.367411,0.149006,1
-0.769599,0.491495,2
-0.505658,0.377612,2
0.982921,0.657045,4
-0.734041,-0.925645,4
-0.796232,0.144675,3
0.728641,-0.540452,2
0.755021,-0.778805,2
-0.625270,-0.293333,1
0.619427,0.678327,1
-0.528684,0.556573,2
0.176922,-0.109790,3
0.405179,0.771546,1
-0.605343,0.909895,3
0.124507,0.636297,1
0.417248,-0.508083,2
-0.214697,0.647650,2
0.983413,0.279644,4
0.025262,0.966334,4
-0.063311,0.291221,3
-0.959312,0.140457,3
-0.564104,0.769330,2
0.600005,-0.809083,2
0.990525,0.974735,4
-0.102416,0.609951,3
0.653063,0.368900,1
0.166524,-0.170016,3
-0.740890,-0.428297,1
-0.398469,-0.346233,1
-0.518401,0.726038,2
-0.709936,0.898847,3
-0.782045,0.075367,3
0.546497,-0.798632,2
-0.644989,-0.428241,1
-0.832298,0.291700,2
0.862980,-0.791610,3
-0.567842,-0.701125,1
0.977720,-0.967837,3
-0.510208,0.968245,3
-0.993102,0.387377,3
0.578196,0.659961,1
-0.243723,-0.255280,1
-0.510055,0.015387,3
0.316424,0.091476,4
0.669155,0.798022,1
-0.182486,0.959219,3
0.696869,0.035469,4
0.034586,0.243366,4
0.236837,0.389597,1
0.815124,0.404539,1
-0.318703,0.678104,2
0.612929,0.113455,4
0.976979,0.590649,4
0.145617,-0.533228,2
0.558894,0.152515,1
0.854149,0.137090,4
-0.187524,-0.389575,1
0.881810,0.302421,4
0.625813,0.198233,1
-0.606103,0.294967,2
-0.003744,0.211411,3
0.254186,-0.306875,2
-0.753120,-0.711228,1
0.936491,0.483717,4
0.678369,0.751615,1
-0.111743,-0.640334,4
0.429719,-0.498814,2
0.473120,0.406698,1
-0.908165,-0.381263,4
0.873470,0.650729,4
0.771253,0.727619,1
-0.212181,-0.416271,1
-0.661956,-0.330371,1
0.886150,0.963857,4
0.867863,-0.719952,3
0.258824,-0.135882,3
0.491459,-0.486989,2
0.557243,0.738339,1
-0.198218,0.493734,2
0.222056,-0.519849,2
0.245349,-0.889687,3
-0.160184,-0.324932,1
-0.388501,-0.687064,1
-0.918234,-0.296666,4
-0.068326,0.955236,3
-0.645936,-0.297073,1
0.682855,0.141883,4
0.286655,-0.979101,3
0.811512,0.172806,4
0.984756,0.679375,4
0.452853,0.243581,1
-0.456507,-0.055688,4
0.756591,-0.899264,3
-0.317349,-0.441627,1
0.594470,0.904707,4
0.038524,-0.160182,3
-0.984980,0.878340,3
0.514886,-0.373482,2
-0.808723,0.596652,2
0.329853,0.122951,4
0.551889,0.683916,1
0.825877,0.234744,4
-0.174201,0.112533,3
0.255643,-0.362689,2
-0.714662,0.240400,2
-0.683314,0.738192,2
-0.516020,-0.139821,1
-0.317496,-0.759428,1
-0.039085,0.365154,3
-0.201055,-0.444615,1
0.269861,0.837469,4
0.395203,0.284881,1
0.715809,-0.089910,3
0.911399,0.907086,4
-0.493258,0.241252,2
0.030037,-0.941369,3
-0.074831,-0.144086,4
0.293375,0.750968,1
0.968447,-0.450982,3
-0.611721,-0.746215,1
0.789418,-0.295035,2
0.991977,-0.726602,3
0.565144,-0.325519,2
-0.486030,-0.473941,1
-0.960365,0.312915,3
0.081445,0.309496,4
0.150384,-0.523352,2
-0.405623,-0.133807,1
0.386738,-0.494224,2
-0.226720,0.893479,3
0.747028,0.803317,1
0.952110,-0.327803,3
-0.340769,0.245485,2
-0.576835,-0.372322,1
0.794502,-0.188556,3
-0.118537,0.583920,2
0.516410,-0.126560,2
0.857318,0.081554,4
0.547920,-0.628712,2
0.607613,0.587555,1
0.684203,-0.310942,2
-0.102949,-0.165413,4
0.165706,0.491428,1
0.700780,-0.447557,2
0.997205,-0.525940,3
-0.554077,0.744233,2
-0.722624,-0.601967,1
-0.583570,-0.063393,4
0.643517,-0.160404,2
0.564285,0.438020,1
0.651040,-0.554252,2
0.021940,0.167450,4
0.319187,-0.120741,3
-0.750996,-0.132892,4
0.250547,0.856617,4
-0.545337,-0.065250,4
-0.454325,0.351714,2
0.769337,0.711381,1
-0.156857,0.470117,2
-0.736176,-0.159652,4
0.944176,-0.290253,3
-0.415419,-0.778447,1
0.107780,0.001012,4
0.158160,-0.248702,3
0.840607,-0.277555,3
-0.810682,0.491647,2
0.168193,0.211258,4
-0.340903,-0.512620,1
-0.909483,-0.091900,4
0.354488,0.341064,1
-0.235283,0.809151,3
-0.724186,0.310392,2
0.160865,-0.954849,3
0.021773,-0.995992,3
0.515267,0.285598,1
-0.155645,0.459444,2
0.995345,0.428936,4
0.680996,0.103125,4
-0.570052,-0.160844,1
0.854423,-0.729445,3
0.561601,-0.956259,3
0.762202,-0.270206,2
0.254999,-0.578701,2
0.217174,0.345516,1
0.329399,-0.428338,2
-0.313420,-0.905883,4
-0.619188,-0.037606,4
0.404509,0.541677,1
0.007544,-0.573717,3
0.545685,-0.477189,2
0.711881,-0.609960,2
0.982255,0.707226,4
0.818977,0.663251,1
-0.189649,-0.751075,1
-0.497593,-0.335226,1
-0.480520,-0.935991,4
-0.291485,-0.718317,1
-0.206198,0.963513,3
-0.297018,-0.989024,4
0.309029,-0.967619,3
-0.417362,0.995609,3
-0.873502,-0.036550,4
-0.041997,0.531008,3
-0.494873,0.965547,3
0.957290,-0.949188,3
-0.511642,0.669171,2
-0.559148,-0.529387,1
0.376397,-0.740171,2
-0.866136,-0.813252,4
-0.491246,-0.363728,1
-0.148479,0.028234,3
-0.299720,0.560036,2
0.309916,0.494083,1
0.523549,-0.987102,3
0.505059,-0.167421,2
-0.954721,-0.912304,4
-0.171812,-0.828223,4
0.051146,0.786191,4
0.702785,0.556273,1
0.751738,0.660075,1
0.607085,-0.759904,2
0.329246,-0.952063,3
-0.289291,-0.294357,1
-0.692234,-0.155427,1
-0.107610,-0.183480,4
0.480845,0.743912,1
0.844754,-0.818875,3
0.303948,0.154671,1
0.675208,-0.172503,2
0.167569,0.180266,4
0.660076,0.212848,1
0.267963,-0.511736,2
0.384626,-0.680891,2
-0.725545,0.087410,3
0.875383,-0.973808,3
-0.252515,0.482468,2
-0.733712,-0.923268,4
0.530405,-0.023003,3
-0.217626,0.838172,3
0.821570,0.674765,1
-0.345308,0.302415,2
0.418676,-0.500554,2
0.483540,-0.277376,2
0.654117,0.158748,1
0.550121,-0.178315,2
-0.660985,0.210197,2
-0.965466,0.606978,3
0.698461,0.419159,1
0.926087,0.972915,4
-0.493430,0.801470,2
0.999108,0.254055,4
0.283938,-0.734604,2
0.330786,-0.185657,2
0.242393,-0.886839,3
-0.347485,0.063963,3
0.787925,0.307207,1
-0.633622,0.206602,2
0.806652,0.849918,4
0.929225,0.460769,4
0.008667,0.479346,4
-0.717546,0.347681,2
-0.310457,-0.683012,1
-0.045341,-0.611996,4
0.736147,-0.119254,3
-0.639081,-0.757283,1
-0.317785,-0.639973,1
0.496772,0.966153,4
-0.374578,-0.172442,1
-0.219504,0.867815,3
-0.059281,0.433010,3
-0.068222,-0.271356,4
-0.259783,0.298157,2
0.935246,-0.453131,3
0.148075,0.864471,4
-0.992362,-0.843258,4
0.343817,-0.709907,2
0.504423,-0.966640,3
-0.392919,-0.540918,1
-0.578636,-0.656772,1
0.339827,-0.217717,2
-0.414055,-0.977957,4
0.142309,-0.917283,3
0.988196,0.767732,4
-0.089725,-0.231308,4
0.635547,0.850994,1
-0.798298,-0.432675,1
-0.420361,-0.058081,4
0.865482,-0.485116,2
0.488788,0.013557,4
-0.620644,0.496427,2
0.170298,0.723173,1
0.786520,-0.325279,2
0.756533,-0.606399,2
0.133803,-0.822103,3
-0.263171,-0.526370,1
-0.039821,0.322775,3
-0.504327,-0.897512,1
0.405492,-0.516131,2
0.870220,-0.684233,3
0.252560,0.505767,1
-0.833239,0.454262,2
-0.926908,-0.253600,4
-0.603818,0.938573,3
0.261284,0.884970,4
-0.047870,0.640640,3
0.381397,-0.877572,2
0.363812,0.167917,1
-0.202851,0.120345,3
0.561518,0.930952,4
0.298242,-0.701653,2
-0.595417,-0.741579,1
0.621122,-0.099744,3
-0.639091,0.026613,3
0.384125,-0.768871,2
0.342380,-0.363315,2
0.736895,0.509141,1
-0.909053,0.809987,3
-0.744459,-0.512871,1
0.748560,0.516825,1
-0.627901,-0.299310,1
0.157464,0.753496,4
-0.176882,-0.478723,1
-0.078588,0.620268,3
0.641622,-0.517070,2
0.551220,-0.060136,3
-0.218723,0.955803,3
0.198285,-0.597602,2
-0.143942,0.559194,2
0.429012,-0.759817,2
0.790323,-0.228608,2
-0.123132,0.527218,2
-0.719467,-0.032185,4
0.337205,-0.463927,2
0.454944,0.085766,4
-0.947102,0.827043,3
0.786456,0.210362,4
0.580538,-0.390426,2
0.731639,-0.498049,2
-0.770159,0.373260,2
-0.015119,0.781061,3
-0.686876,0.766158,2
0.736864,0.511409,1
-0.831444,-0.407078,1
0.070603,0.597568,4
-0.166895,-0.139074,4
-0.631041,0.709973,2
-0.611856,-0.350508,1
-0.322212,0.725349,2
0.185565,-0.867268,3
-0.188885,0.238463,3
0.959775,-0.402429,3
-0.551175,0.540313,2
0.207144,-0.819537,3
-0.957736,0.436986,3
0.553724,0.027145,4
0.218047,0.866848,4
-0.206698,-0.045089,4
0.378257,-0.038142,3
0.547833,-0.551141,2
-0.440574,-0.619061,1
0.309785,-0.071615,3
-0.909088,0.697929,3
0.577877,-0.231300,2
0.423278,-0.236558,2
-0.098568,-0.765606,4
-0.998095,-0.138793,4
-0.168036,-0.549270,1
-0.598480,-0.960891,4
-0.368807,-0.556216,1
0.476094,-0.815083,2
0.470929,-0.305858,2
-0.948235,-0.735769,4
0.649053,0.430022,1
0.226089,0.196886,4
0.878881,0.785515,4
0.577825,0.188666,1
-0.286100,0.668736,2
-0.113405,-0.708222,4
-0.562564,-0.690126,1
0.055220,0.338868,4
-0.455733,0.057125,3
-0.799925,0.376231,2
0.507854,-0.398405,2
0.415340,-0.860952,2
0.045378,-0.108566,3
-0.676035,-0.483693,1
0.585576,-0.624270,2
-0.219462,0.234628,2
0.805751,-0.993373,3
-0.568485,0.684632,2
0.792142,-0.990661,3
-0.126702,-0.493957,1
0.678076,0.759893,1
-0.202180,-0.884488,4
-0.930233,0.853040,3
0.454380,-0.385966,2
-0.089835,0.654454,3
0.990265,-0.581981,3
-0.743951,0.405605,2
-0.442933,0.301427,2
-0.702960,-0.118969,4
0.817734,0.882615,4
0.256761,-0.401728,2
0.117244,0.062512,4
-0.395101,0.548758,2
-0.252855,-0.602959,1
0.558097,0.620443,1
-0.096917,0.236173,3
0.380336,0.700903,1
0.351685,0.450103,1
0.553943,-0.193936,2
-0.935862,-0.535892,4
-0.539481,-0.945597,4
-0.117873,-0.283433,4
0.460008,0.439194,1
-0.982005,0.757048,3
-0.679775,0.835729,2
0.639663,0.576986,1
-0.566000,-0.243093,1
-0.360501,0.038899,3
-0.694335,0.386643,2
0.435940,0.863762,1
0.007086,-0.660977,3
0.099935,-0.612577,3
-0.960073,-0.548380,4
0.837526,0.593870,1
0.257684,0.901664,4
-0.942022,0.718203,3
0.956066,-0.059895,3
-0.565230,0.416075,2
-0.620701,-0.547235,1
0.173122,-0.300475,2
-0.711507,-0.187215,1
-0.723489,-0.277506,1
0.569691,-0.083990,3
0.761393,0.875356,4
-0.697347,0.197333,2
0.739118,0.309740,1
0.536356,-0.160947,2
0.697162,0.576283,1
0.290673,0.534688,1
0.170153,-0.451643,2
0.436352,0.228131,1
-0.733440,0.392419,2
-0.831764,-0.298670,1
-0.191507,-0.452465,1
0.154095,0.981615,4
0.247060,0.442588,1
-0.205600,0.523571,2
-0.834918,-0.635909,1
-0.560419,0.926475,3
-0.760553,-0.257766,1
0.123808,0.978566,4
-0.948026,-0.339836,4
-0.182381,0.749136,3
-0.763554,-0.891708,4
0.283824,0.406599,1
-0.343351,-0.279824,1
-0.365270,-0.076791,4
-0.887405,-0.197034,4
0.624539,-0.078912,3
0.350501,-0.221366,2
-0.097297,-0.402439,4
-0.778778,0.697102,2
-0.878869,-0.613696,1
-0.938806,-0.439288,4
-0.687221,-0.699359,1
0.302946,0.436587,1
-0.720793,0.354920,2
-0.903249,0.096826,3
0.104056,-0.666803,3
0.205118,-0.612120,2
0.739797,0.861767,4
0.108056,-0.625474,3
-0.215023,0.220651,2
0.177492,-0.590484,2
-0.858261,-0.472007,1
0.188150,0.044441,4
0.125553,0.409373,1
-0.258456,0.246685,2
0.795677,-0.197263,3
0.807397,-0.891544,3
0.103378,0.110344,4
0.545043,0.382585,1
-0.534736,0.641794,2
-0.520590,0.569319,2
0.974992,0.684528,4
0.957200,0.714788,4
0.546295,0.065256,4
-0.910685,-0.668728,4
-0.714093,0.266807,2
-0.259212,-0.572355,1
0.794800,0.928938,4
0.472086,-0.079647,3
0.338310,-0.786370,2
-0.832962,0.133987,3
0.016367,0.974435,4
0.242444,-0.880255,3
0.084779,-0.212513,3
0.502330,0.550042,1
-0.570719,0.981740,3
0.119362,-0.595727,2
0.666268,0.076561,4
-0.880938,0.212563,3
-0.858183,-0.791624,4
0.543835,-0.572276,2
0.475183,-0.715377,2
-0.144631,0.269983,3
-0.786439,-0.672545,1
-0.809664,0.551871,2
-0.458915,-0.642626,1
-0.314142,0.557452,2
-0.668191,0.928302,3
0.677197,0.416587,1
-0.284211,0.179527,2
-0.033370,0.145070,3
0.161267,-0.914009,3
0.549344,-0.172465,2
0.162553,0.668405,1
-0.959902,0.304370,3
0.876781,0.583933,1
0.732093,0.351965,1
0.868556,-0.412538,2
-0.378053,-0.917883,4
-0.085083,-0.187717,4
0.633988,0.456002,1
0.169657,-0.680154,2
0.013454,0.501465,4
-0.751852,-0.309349,1
-0.081948,-0.036063,4
0.870177,0.884682,4
-0.890993,0.031444,3
0.970674,0.658351,4
0.858979,0.133226,4
0.326756,0.899077,4
-0.562404,0.203538,2
0.483010,-0.830311,2
-0.444498,0.351566,2
-0.242848,0.177449,3
0.433683,0.672069,1
0.989732,0.067671,4
0.128071,0.159389,4
0.387517,-0.858475,2
-0.339146,0.635665,2
-0.167825,0.578907,2
-0.400398,-0.297647,1
0.463589,-0.291390,2
0.733797,0.434262,1
-0.633040,0.592776,2
-0.432512,0.693717,2
0.491853,0.005084,4
-0.102746,-0.025137,4
0.174774,0.452756,1
-0.673570,0.931925,3
-0.369794,0.760113,2
0.603994,-0.380062,2
-0.172216,-0.267935,4
0.779327,-0.784699,2
-0.126410,-0.559819,1
0.850966,0.705765,4
-0.980912,-0.549432,4
-0.591882,0.482676,2
0.159178,-0.858085,3
-0.083062,0.526138,3
0.734691,0.484427,1
0.219854,0.226544,1
-0.510489,-0.882891,1
-0.798592,0.664285,2
0.569865,-0.472162,2
0.596211,-0.799929,2
-0.712050,0.200205,2
-0.179991,0.115734,3
0.932270,-0.400664,3
0.331035,-0.194140,2
0.039517,0.182001,4
-0.488375,0.058604,3
0.632569,-0.080256,3
-0.458719,-0.208254,1
0.061659,0.458219,4
-0.682116,-0.203650,1
-0.057354,0.537739,3
-0.977105,0.432158,3
0.654847,-0.775698,2
0.096443,0.224712,4
-0.247860,-0.307346,1
0.424783,0.040090,4
0.892859,-0.755208,3
-0.844176,0.825129,3
-0.155873,0.486859,2
-0.369011,0.883644,3
-0.331140,0.142614,2
-0.057751,-0.698571,4
-0.937642,0.483529,3
0.093175,0.124017,4
-0.058252,0.411059,3
0.920367,0.884395,4
-0.051203,0.943262,3
0.316552,-0.396355,2
-0.832436,-0.587005,1
0.828357,-0.080296,3
0.105649,0.253140,4
0.959794,-0.001493,3
0.497931,-0.884381,2
-0.176364,-0.657941,1
0.602478,0.454624,1
-0.774297,-0.728662,1
-0.402762,0.167951,2
-0.427234,-0.340404,1
-0.348519,0.665941,2
0.783612,0.593229,1
0.077000,0.703979,4
0.477624,-0.974203,3
0.647241,-0.205824,2
-0.370558,0.814805,2
0.207171,-0.542202,2
-0.265491,-0.687180,1
0.710938,-0.305697,2
0.311327,0.208869,1
-0.190078,-0.865037,4
0.550928,-0.587600,2
0.589588,0.776631,1
-0.316263,-0.813174,1
-0.055418,0.256504,3
-0.153578,0.596063,2
-0.077555,-0.369966,4
0.189292,0.999444,4
-0.665986,-0.333084,1
-0.974759,0.981255,3
0.461092,-0.345317,2
0.796060,-0.331736,2
0.112482,-0.469431,2
-0.018916,-0.176580,4
0.224872,-0.707588,2
-0.967711,-0.965206,4
-0.572625,0.583217,2
-0.552806,-0.983038,4
0.359847,0.130931,1
-0.796212,-0.695571,1
-0.612565,0.050210,3
0.900492,0.309880,4
0.680244,0.089784,4
0.309324,-0.985742,3
0.756700,0.334566,1
0.995512,0.217793,4
0.989249,0.791573,4
0.886056,0.101730,4
-0.677858,-0.132860,4
0.925150,0.547014,4
0.159552,0.957439,4
0.581809,0.586927,1
0.540655,-0.970997,3
0.603889,-0.099498,3
0.159934,0.807677,4
0.204932,0.547369,1
-0.142113,0.105424,3
-0.142751,-0.461869,1
-0.804792,-0.833427,4
-0.447612,0.951908,3
0.501139,-0.452099,2
0.169701,0.490387,1
-0.660527,0.055757,3
-0.407883,-0.338385,1
0.922898,-0.482733,3
-0.791370,0.082450,3
-0.525294,0.790439,2
-0.330624,-0.984639,4
0.819441,-0.726735,2
-0.084136,-0.020624,4
-0.919058,-0.879205,4
-0.473255,-0.061171,4
0.226219,0.383994,1
0.476960,0.421427,1
0.550567,-0.970652,3
0.373335,0.051705,4
-0.422751,-0.456964,1
-0.457907,-0.083277,4
0.598793,0.134210,1
0.578338,0.521690,1
0.651477,0.786968,1
-0.395860,-0.873817,1
0.577407,0.273516,1
-0.858456,0.396848,2
0.546782,0.057408,4
-0.623776,0.627724,2
0.178203,-0.097031,3
-0.433447,-0.595578,1
-0.713037,-0.956487,4
0.825849,0.837529,4
-0.927138,0.199184,3
-0.110765,-0.349889,4
0.742220,0.431328,1
0.566833,0.341013,1
-0.434462,0.145172,2
-0.137296,-0.782985,4
-0.067860,0.466843,3
-0.656802,-0.490454,1
-0.259640,-0.515257,1
0.906394,-0.712859,3
0.542151,-0.717382,2
0.914865,-0.279646,3
0.185586,-0.518581,2
0.124776,0.472549,1
-0.475068,-0.049374,4
0.310078,-0.402206,2
-0.850190,-0.800687,4
0.247905,0.892030,4
0.630641,-0.185262,2
0.233043,-0.803822,3
0.959910,-0.904253,3
-0.586807,-0.107951,4
0.562590,-0.243609,2
0.401595,-0.697050,2
0.241134,0.307989,1
-0.409909,-0.216715,1
0.590607,-0.495043,2
0.503639,-0.223807,2
-0.013624,-0.371585,4
-0.751258,0.511308,2
0.579040,0.558820,1
-0.890898,0.728850,3
0.758133,0.357007,1
0.620880,0.388773,1
-0.828255,-0.146076,4
0.584951,-0.868345,2
-0.050329,0.998144,3
0.023704,-0.487739,3
-0.245464,-0.574701,1
-0.184789,0.995670,3
0.733289,0.405303,1
-0.221046,0.323896,2
0.910259,-0.717407,3
-0.899911,-0.103365,4
-0.088992,-0.651170,4
-0.592057,-0.509952,1
0.907650,-0.482955,3
-0.781102,0.665783,2
0.874052,0.839779,4
0.054556,-0.954203,3
-0.306297,-0.360493,1
-0.822549,0.643373,2
-0.362349,0.201155,2
-0.844366,0.392187,2
0.626454,-0.029155,3
0.387857,0.359743,1
-0.623852,-0.833189,1
-0.316362,-0.713593,1
-0.550596,-0.216273,1
0.183043,0.360412,1
0.132557,0.590986,1
0.850460,0.040207,4
-0.891969,-0.930642,4
-0.294010,0.982083,3
0.909137,0.760546,4
-0.972120,-0.397160,4
-0.599947,-0.794669,1
-0.753787,0.037704,3
0.406485,-0.598153,2
-0.570109,0.032940,3
0.372692,0.817748,1
-0.607318,0.748840,2
0.984560,0.076320,4
-0.964753,-0.566036,4
0.860047,0.218290,4
0.794376,-0.007395,3
-0.190724,0.644836,2
-0.967188,-0.082693,4
0.714194,-0.261198,2
-0.100610,0.623331,3
-0.500652,-0.072730,4
-0.773829,-0.100599,4
0.132601,-0.527617,2
0.937105,-0.460914,3
-0.125770,-0.633004,1
0.572026,-0.753077,2
-0.815255,0.964708,3
0.995763,-0.830696,3
0.041028,-0.968990,3
-0.396732,-0.098925,4
0.249300,-0.602355,2
0.893680,-0.941424,3
-0.957519,0.926492,3
-0.024117,0.756675,3
-0.334706,0.875273,3
0.380006,0.164642,1
-0.197457,0.606176,2
-0.935957,0.935144,3
-0.921440,-0.998852,4
-0.525770,-0.047210,4
-0.631855,-0.953744,4
0.199713,-0.447111,2
-0.989036,0.195476,3
-0.277806,0.051992,3
0.226486,0.325462,1
0.953067,-0.524214,3
0.723107,0.846747,4
-0.465638,0.765587,2
0.773239,0.510245,1
0.522262,-0.561467,2
0.385518,-0.097732,3
0.603175,-0.811939,2
-0.491556,0.667218,2
-0.876795,-0.412996,1
0.668366,-0.402564,2
0.539794,-0.963489,3
-0.356309,-0.260493,1
-0.410600,-0.345345,1
0.934983,0.311594,4
0.706647,0.161469,1
-0.362944,0.659714,2
0.637254,-0.639838,2
0.506462,-0.828384,2
-0.874250,0.279701,3
0.681860,0.648012,1
0.718234,0.067378,4
-0.449720,0.321409,2
0.255440,0.058724,4
-0.011372,0.378645,3
0.645728,-0.343006,2
0.976080,0.185522,4
-0.306496,-0.380228,1
0.925029,0.282904,4
0.274427,0.860012,4
-0.405502,-0.018926,4
0.021480,0.231554,4
-0.359212,-0.341266,1
0.591716,-0.852750,2
-0.169650,0.717466,2
0.426951,-0.487790,2
0.365478,0.145185,1
0.579589,0.915757,4
-0.533406,-0.164972,1
-0.025519,0.455222,3
-0.786327,-0.379791,1
-0.887785,-0.810247,4
0.805731,-0.194280,3
-0.190475,0.730760,2
-0.911376,-0.916048,4
0.590772,-0.316878,2
0.065026,-0.387748,3
0.914676,0.705814,4
0.270987,0.506393,1
0.853064,-0.898663,3
0.223859,0.280015,1
-0.386453,-0.410663,1
-0.574800,-0.806864,1
-0.494906,-0.108206,1
0.028164,0.479575,4
-0.652984,0.241837,2
-0.900216,-0.540769,4
0.431590,0.905515,4
0.264951,-0.758885,2
0.636275,0.353575,1
-0.674933,0.227047,2
-0.963302,0.390093,3
0.839299,0.951374,4
0.095907,0.110286,4
0.457767,-0.051028,3
0.211623,-0.318375,2
-0.771013,0.825170,3
0.270962,-0.345814,2
-0.981694,0.776056,3
0.545980,0.046470,4
0.255631,0.892996,4
-0.711694,0.355415,2
-0.647773,0.719897,2
0.260930,0.617178,1
0.961012,-0.102795,3
-0.029246,-0.713921,4
-0.875748,0.007451,3
0.676172,0.963552,4
-0.041175,-0.227921,4
0.073837,-0.583408,3
0.721051,-0.714540,2
0.098217,0.950038,4
-0.889370,-0.630821,4
-0.395776,-0.871064,1
-0.854766,-0.849796,4
0.175405,0.400865,1
-0.956800,0.463712,3
-0.243719,-0.604573,1
0.183608,-0.982789,3
-0.987394,0.144620,3
-0.085584,-0.016641,4
0.430699,0.038668,4
0.990810,0.106871,4
0.002220,-0.050364,3
0.878950,-0.923943,3
0.366227,0.600001,1
-0.638483,-0.535556,1
0.550039,-0.527853,2
-0.166377,-0.845737,4
-0.398917,-0.021143,4
-0.695532,0.776488,2
-0.620277,-0.652332,1
0.240200,0.136003,4
-0.256905,-0.576192,1
0.153214,-0.244299,3
0.568428,-0.932370,3
0.739060,-0.000873,3
0.106298,0.729870,4
-0.894002,-0.891482,4
-0.320494,0.984949,3
-0.815424,-0.954267,4
0.584950,-0.453907,2
-0.489823,0.134989,2
0.018240,0.343800,4
0.289252,0.619323,1
-0.677343,0.593720,2
0.395812,-0.297621,2
0.941388,-0.363988,3
0.838383,-0.315517,2
0.059821,-0.008403,3
0.440184,-0.371751,2
0.059227,0.179244,4
0.627376,-0.834475,2
-0.090886,0.733374,3
-0.725956,0.588620,2
0.718323,-0.541381,2
0.634353,0.303273,1
0.004712,-0.855470,3
-0.561738,-0.977047,4
0.488330,0.727514,1
0.642276,0.810987,1
0.321234,0.038088,4
-0.486634,0.262622,2
0.674100,-0.648251,2
0.947105,-0.266079,3
0.343346,0.387289,1
0.362170,-0.597428,2
-0.433467,-0.010454,4
-0.431902,0.475647,2
-0.277080,-0.157859,4
0.064267,-0.558757,3
0.300761,-0.301380,2
0.744516,-0.694527,2
-0.156850,-0.817223,4
-0.671574,-0.668520,1
0.910292,0.970702,4
-0.857533,0.231526,3
0.008790,-0.344167,3
-0.505852,-0.317110,1
0.007582,-0.558746,3
0.416810,-0.649073,2
0.828543,-0.221020,3
-0.246500,-0.604924,1
0.768526,0.321597,1
0.870723,-0.508554,2
-0.836262,-0.065010,4
-0.067312,0.464499,3
0.633610,-0.322796,2
0.769972,-0.523240,2
-0.140019,-0.901603,4
-0.191759,-0.229727,4
-0.930901,-0.049293,4
-0.998201,0.077889,3
0.606540,-0.504052,2
0.760779,-0.385878,2
-0.062799,0.177589,3
-0.034951,-0.234256,4
0.956569,0.718549,4
0.160819,0.725095,4
0.040146,0.031542,4
-0.783460,0.203884,3
0.966532,0.149229,4
-0.331617,0.600142,2
0.826432,-0.561645,2
-0.923098,-0.313586,4
-0.463247,-0.114857,1
0.456687,-0.394148,2
0.835850,0.458486,1
0.683741,0.442391,1
0.954434,0.444520,4
-0.943487,-0.108365,4
-0.377891,0.021562,3
0.657379,-0.421322,2
-0.259890,-0.181802,1
-0.696228,0.780256,2
0.849740,-0.479688,2
-0.015859,0.816272,3
0.669541,0.652524,1
0.416414,0.495974,1
-0.909121,0.493316,3
-0.817613,-0.372368,1
-0.621541,0.639074,2
0.233484,-0.785690,2
0.097561,-0.082775,3
0.656700,0.051995,4
-0.638256,0.713213,2
0.943630,-0.016147,3
-0.265225,0.601009,2
0.562531,0.474885,1
-0.580792,0.866303,2
0.255141,-0.731052,2
-0.613385,-0.760718,1
-0.914780,-0.943844,4
0.891806,0.501634,1
0.552130,0.982685,4
-0.005049,0.734517,3
-0.389683,0.373410,2
0.373592,0.843801,1
0.587720,-0.528847,2
-0.238974,0.244420,2
0.523148,0.122771,1
-0.042367,0.466778,3
-0.893376,0.692408,3
0.067787,0.669154,4
0.167293,0.486995,1
0.535457,-0.577566,2
0.755943,0.922073,4
-0.338284,0.841163,2
0.978229,-0.446478,3
0.342798,0.530359,1
-0.463792,-0.662251,1
0.264876,0.146525,4
0.711159,-0.361532,2
-0.009673,0.298879,3
0.109620,0.751353,4
-0.456701,-0.367232,1
-0.125876,0.500932,2
-0.900454,-0.019252,4
0.193339,0.167333,4
-0.350098,-0.639368,1
-0.345672,-0.814641,1
-0.216933,-0.589729,1
-0.892568,0.444783,2
-0.748566,-0.914339,4
0.998306,0.594232,4
0.616019,-0.465487,2
0.931981,-0.119105,3
0.681038,0.643140,1
0.519363,-0.328635,2
-0.057982,-0.371016,4
-0.577282,0.485317,2
0.261752,0.296842,1
-0.013751,0.361297,3
-0.722411,-0.820412,1
-0.471370,-0.072509,4
-0.459780,0.182958,2
0.112851,0.323287,4
0.593229,0.220282,1
-0.231930,0.844663,3
0.305943,-0.233624,2
0.438895,-0.078038,3
0.300889,0.370875,1
0.802858,-0.018072,3
0.014015,0.322221,4
0.653293,0.956033,4
0.951205,-0.923989,3
0.441350,0.212956,1
0.372853,-0.572401,2
-0.425746,0.650442,2
-0.392813,0.102884,3
-0.422066,0.147408,2
-0.714158,0.690784,2
-0.529305,0.879070,2
-0.088933,0.238765,3
0.723733,-0.782990,2
-0.994859,0.162628,3
0.138972,0.306030,4
-0.466497,-0.058170,4
-0.712042,0.547518,2
-0.735949,0.941250,3
0.503552,-0.784744,2
-0.982739,-0.055098,4
0.428213,0.390114,1
0.372502,-0.997533,3
0.040556,0.979689,4
0.105351,0.618490,4
0.127097,0.391192,1
0.309274,0.597791,1
0.270263,-0.779659,2
-0.163444,-0.006004,4
-0.562649,-0.158303,1
-0.843376,0.576323,2
-0.852273,-0.309873,4
-0.481847,-0.564315,1
-0.762355,-0.217795,1
-0.623065,0.741197,2
-0.002539,-0.605804,4
-0.313900,-0.574326,1
0.784310,-0.941399,3
-0.571859,-0.175133,1
-0.961710,0.533491,3
-0.556643,0.165387,2
-0.075316,0.752631,3
-0.236822,-0.805053,4
0.972972,0.599734,4
0.188943,-0.589678,2
-0.558568,0.345566,2
0.986646,-0.410841,3
-0.964307,-0.495201,4
0.024843,-0.726662,3
0.287004,0.401778,1
-0.985464,-0.715535,4
0.795975,-0.299365,2
-0.289861,0.580285,2
-0.240763,0.138280,3
-0.594848,-0.202473,1
-0.328228,-0.151491,1
0.962913,0.596455,4
-0.398861,-0.273908,1
0.791402,-0.425889,2
-0.674174,-0.019655,4
-0.015567,-0.232743,4
-0.674089,-0.028921,4
0.356416,-0.638396,2
0.475878,-0.618741,2
-0.365058,-0.237118,1
0.783037,-0.350522,2
0.047347,0.579012,4
0.350113,0.757486,1
0.159297,-0.890650,3
-0.104233,0.564449,3
-0.093124,0.567538,3
-0.587043,-0.130210,1
0.163993,0.014097,4
0.595881,-0.044604,3
0.588208,0.921707,4
0.935740,-0.427359,3
-0.311036,-0.738349,1
0.543720,-0.954620,3
-0.376745,0.019598,3
-0.573361,0.258197,2
0.782480,-0.790323,3
0.907675,-0.170173,3
0.788689,0.257788,1
-0.412687,-0.052014,4
0.367137,0.483080,1
-0.487566,-0.725986,1
0.050618,-0.074608,3
0.143804,-0.785389,3
0.939489,-0.260315,3
0.170007,0.527696,1
-0.338608,0.105747,3
-0.899662,0.350357,3
0.367398,0.644058,1
0.395737,0.990653,4
-0.336345,0.822376,2
0.248850,-0.553865,2
-0.967947,0.156524,3
0.275962,0.820742,1
-0.585688,0.863275,2
-0.231273,0.781450,2
0.346355,0.281162,1
-0.944537,-0.603028,4
-0.793446,0.199267,3
-0.388417,-0.853958,1
0.938952,0.781590,4
0.673739,-0.399656,2
-0.112663,0.774077,3
0.950700,-0.745265,3
0.418134,0.346437,1
-0.754612,-0.918210,4
0.168814,0.494237,1
-0.472075,0.200867,2
-0.349238,0.803887,2
0.021608,0.065074,4
0.667162,0.790335,1
-0.153476,0.013516,3
0.071497,-0.098013,3
0.410488,0.278051,1
-0.898746,-0.977928,4
0.424093,-0.959794,3
0.803662,0.097832,4
-0.359450,-0.309001,1
-0.128092,-0.408750,1
-0.054266,-0.709957,4
0.937688,0.191122,4
-0.628168,0.106501,3
-0.314641,-0.100243,4
-0.692632,0.336121,2
-0.296356,0.328976,2
-0.598805,-0.629195,1
0.119311,0.247718,4
0.384321,-0.809191,2
-0.850295,-0.205190,4
0.468859,-0.749041,2
-0.183118,-0.107048,4
-0.708835,-0.379456,1
0.990784,-0.068285,3
0.311543,-0.137308,3
0.522965,-0.742723,2
0.152735,0.460653,1
0.448399,0.524567,1
-0.432846,-0.866241,1
-0.575676,-0.125478,1
0.469880,0.127968,1
-0.796502,0.871075,3
0.498773,0.322810,1
0.118793,-0.116906,3
0.513618,0.268498,1
0.677904,-0.017523,3
0.519458,-0.505214,2
0.875429,0.810623,4
0.115330,0.866213,4
-0.257662,-0.573127,1
-0.271094,-0.734697,1
-0.315850,0.881641,3
0.725956,-0.867450,3
0.406208,-0.706890,2
-0.733692,0.830532,3
0.167632,0.736188,4
-0.041500,0.371130,3
0.607263,-0.542727,2
-0.306060,-0.273944,1
0.340367,-0.792442,2
0.994554,0.018271,4
0.190035,0.514012,1
0.513057,0.065464,4
0.324635,-0.371614,2
-0.068322,-0.933027,4
0.055259,0.660583,4
-0.667724,0.739409,2
0.542224,-0.941768,3
0.871959,-0.051568,3
-0.648658,-0.861732,1
-0.221036,0.518973,2
0.874456,0.737464,4
-0.109897,0.481718,2
-0.805263,0.584043,2
-0.792226,0.535104,2
0.791601,-0.797671,3
-0.446625,-0.018365,4
0.716341,-0.933569,3
-0.952900,0.040976,3
-0.305182,-0.021223,4
0.107949,0.750077,4
-0.360639,0.440225,2
0.489486,-0.818415,2
0.498456,0.361445,1
0.130017,0.849798,4
0.499713,0.908981,4
0.368771,0.374168,1
0.646445,-0.741125,2
-0.144113,0.841182,3
0.842917,0.063661,4
0.376286,0.634518,1
0.265989,0.929661,4
-0.383847,-0.017670,4
0.996092,-0.336747,3
-0.976694,-0.309090,4
0.642030,0.131254,1
-0.559013,-0.718609,1
-0.428521,0.930473,3
-0.537024,-0.930065,4
0.291918,0.592993,1
0.919733,-0.208370,3
0.501974,0.288504,1
-0.834201,0.148419,3
0.547379,0.021685,4
-0.010399,0.390296,3
-0.914654,-0.634112,4
0.024814,0.351335,4
-0.704452,0.640967,2
-0.666335,-0.708359,1
-0.695780,-0.643029,1
-0.017449,0.946251,3
0.488225,0.423537,1
-0.772358,-0.940296,4
0.354010,-0.309382,2
-0.870361,-0.354072,1
-0.716390,-0.950629,4
0.437558,0.785584,1
0.337875,0.603357,1
-0.065997,-0.114746,4
-0.374958,0.923604,3
-0.724450,-0.289612,1
-0.710508,0.300364,2
-0.938277,-0.414960,4
-0.058669,-0.604611,4
-0.123319,0.245551,3
-0.247640,0.859232,3
0.191802,-0.759415,3
0.282769,0.419444,1
-0.699711,-0.363221,1
-0.889939,-0.570073,1
0.282707,-0.606328,2
-0.520701,-0.279735,1
-0.820745,0.817174,3
-0.676378,0.113258,3
-0.297572,-0.051337,4
0.036862,-0.022022,3
0.659051,0.326354,1
-0.721658,0.720774,2
0.911394,0.219673,4
-0.883837,-0.211925,4
-0.534776,-0.131478,1
-0.352693,0.657026,2
0.109107,0.930076,4
0.076470,0.409396,4
-0.433145,0.186531,2
0.839323,0.849562,4
0.580203,-0.681378,2
-0.430173,0.759458,2
-0.864204,-0.106552,4
-0.127284,-0.161776,4
0.842111,0.909579,4
0.816202,0.501162,1
0.235933,-0.905456,3
0.221937,0.147327,4
0.314216,0.338099,1
0.935402,0.779440,4
-0.793378,-0.417292,1
0.436466,0.315729,1
-0.487216,-0.487064,1
-0.274876,0.079639,3
0.699468,-0.435552,2
-0.070799,0.279670,3
-0.116930,0.499027,2
0.039129,0.018866,4
-0.607524,0.911845,3
0.857090,-0.765413,3
0.821424,0.673292,1
0.735749,0.057356,4
0.767835,-0.042314,3
-0.795317,0.082051,3
-0.704215,-0.859915,4
-0.138509,-0.497593,1
-0.277207,-0.702042,1
0.818135,0.235578,4
-0.189106,-0.456740,1
-0.684783,-0.489639,1
0.107708,0.244417,4
0.790032,0.990777,4
-0.256555,-0.170840,4
0.009643,0.135920,4
-0.258994,-0.133267,4
0.370507,-0.437571,2
-0.459975,0.106257,2
0.619786,-0.692140,2
-0.936057,0.824469,3
0.389912,-0.640272,2
0.964554,-0.748597,3
-0.137865,-0.312653,4
-0.450640,-0.319729,1
0.922925,0.360254,4
0.223531,-0.761858,2
0.870615,-0.668762,3
0.482559,0.660647,1
-0.677985,-0.773996,1
-0.510193,0.331658,2
0.361924,0.230813,1
-0.801609,-0.267569,1
0.793242,-0.261584,2
0.838688,0.413028,1
0.046276,0.902631,4
0.237497,-0.563812,2
-0.737641,0.202051,2
-0.312410,0.124494,3
0.889398,0.236951,4
0.804765,0.812323,4
-0.402795,0.028295,3
-0.949535,-0.532180,4
0.359533,0.533023,1
-0.871533,0.681549,3
0.759027,-0.381726,2
0.013207,0.120951,4
0.849087,0.211598,4
0.853382,0.642329,1
0.950014,0.692070,4
0.055357,-0.003710,3
0.594701,-0.707146,2
0.432478,0.857060,1
0.494905,-0.879932,2
-0.018446,0.384303,3
0.357019,-0.213681,2
0.196626,0.954224,4
0.814614,0.247090,4
-0.577956,0.174147,2
-0.219886,-0.449489,1
-0.144304,-0.460859,1
0.168785,0.868903,4
0.660092,0.017872,4
0.080501,0.513474,4
-0.339799,0.030515,3
0.205544,0.715558,1
-0.973194,-0.199755,4
-0.991588,0.459283,3
-0.342695,0.503317,2
0.579352,0.638859,1
-0.112380,-0.063629,4
-0.574822,-0.915754,4
-0.109406,-0.760208,4
0.331336,0.312638,1
0.413940,-0.888550,2
0.863149,-0.730364,3
-0.349409,0.031934,3
-0.861461,-0.689318,4
-0.950194,0.219040,3
0.824156,-0.289993,2
-0.750445,0.029700,3
-0.574435,-0.723639,1
0.829945,-0.566022,2
0.735645,-0.512750,2
0.937294,0.314996,4
-0.873890,-0.175086,4
-0.748633,-0.448712,1
-0.090840,0.141961,3
-0.208920,-0.759504,1
-0.545400,-0.794980,1
-0.648054,-0.682251,1
-0.525344,0.002536,3
0.349683,-0.386806,2
0.313219,0.399489,1
0.832234,0.137375,4
-0.890504,-0.918210,4
-0.832925,-0.464939,1
-0.641849,0.997021,3
-0.030961,-0.906204,4
-0.515729,-0.093667,4
0.408792,-0.389619,2
0.731247,0.660159,1
0.161669,-0.359593,2
-0.197880,0.952749,3
-0.119097,0.256720,3
-0.842231,0.232849,3
0.574469,-0.367575,2
-0.764615,-0.075849,4
0.245619,0.548604,1
-0.676360,0.077854,3
-0.314021,-0.566864,1
0.159643,-0.146946,3
-0.031803,0.517794,3
-0.149925,0.937236,3
0.611590,0.334346,1
-0.156431,0.020382,3
0.944726,-0.425184,3
-0.319460,0.106395,3
0.215223,0.482661,1
0.059144,-0.903874,3
-0.260619,0.216914,2
0.328975,-0.686150,2
0.849338,0.564360,1
0.238001,0.094958,4
0.112963,0.561641,1
-0.827189,0.798942,3
0.994777,0.332455,4
-0.348004,-0.037026,4
-0.149751,0.502071,2
-0.099791,-0.538161,4
-0.163583,0.743778,3
0.482220,-0.218857,2
-0.681406,-0.837239,1
0.887539,0.533818,1
0.645422,-0.053317,3
0.629944,-0.615198,2
-0.836403,-0.041081,4
-0.301348,-0.987065,4
-0.476721,0.936653,3
0.107893,0.636242,4
0.498294,0.280704,1
0.435185,0.493071,1
-0.386841,-0.912819,4
-0.543955,0.463408,2
0.589252,0.356254,1
0.925246,-0.574331,3
0.100032,0.407467,4
0.206812,0.418627,1
0.570228,0.094351,4
-0.047555,0.215649,3
-0.958966,-0.417611,4
0.600451,-0.795370,2
0.541308,-0.700897,2
-0.782434,-0.935413,4
-0.764244,0.325458,2
0.700830,0.734051,1
-0.393837,0.136014,2
0.227122,0.219321,1
0.223195,0.683166,1
-0.317271,-0.187553,1
0.039420,-0.392024,3
0.238116,-0.860547,3
-0.984558,-0.555072,4
0.558080,0.585670,1
0.539278,-0.489475,2
-0.198681,0.580312,2
0.092914,-0.598229,3
0.784942,-0.365778,2
-0.299126,-0.997492,4
-0.301191,-0.063370,4
0.327966,-0.600361,2
-0.329319,0.934129,3
0.535653,0.897803,1
0.153450,-0.241152,3
0.580969,0.836180,1
0.571295,-0.379611,2
-0.555845,-0.190590,1
-0.240158,-0.540402,1
0.254338,-0.682078,2
-0.954732,-0.206384,4
-0.171553,-0.153413,4
-0.626072,0.921361,3
0.248358,-0.841129,3
-0.444417,0.949232,3
-0.838621,0.254392,3
-0.114138,0.489345,2
0.654031,0.556543,1
0.423474,0.189684,1
0.454346,-0.423075,2
0.948531,0.035315,4
-0.586896,0.519826,2
0.655704,-0.142740,2
-0.670763,-0.584454,1
0.316858,0.583575,1
-0.266532,0.362126,2
-0.622809,0.561915,2
-0.791287,-0.248881,1
0.483276,0.457071,1
-0.090010,-0.961141,4
0.406302,0.071369,4
0.293251,-0.707835,2
-0.439286,-0.052719,4
0.848708,0.984188,4
-0.863035,0.303053,3
-0.438887,-0.914504,4
-0.661632,-0.025783,4
0.605322,0.994072,4
0.831477,0.934559,4
-0.590382,0.148335,2
0.518134,0.143086,1
-0.489539,0.895325,2
-0.294998,-0.280826,1
-0.353556,-0.811722,1
-0.823755,0.556435,2
-0.772864,0.582547,2
-0.372196,0.520387,2
0.874712,0.188518,4
-0.532332,0.723419,2
0.172706,-0.395367,2
0.026473,0.733819,4
-0.309871,0.364840,2
-0.291963,-0.704549,1
0.358912,-0.460486,2
-0.769990,0.768530,2
0.687849,0.748144,1
-0.088384,-0.801690,4
0.643469,0.616618,1
-0.082516,-0.710087,4
0.804896,0.093729,4
0.846348,-0.967968,3
-0.323724,-0.525848,1
0.552419,-0.449012,2
0.662670,-0.979913,3
-0.725593,-0.164623,4
-0.375280,0.300880,2
-0.430804,0.314849,2
-0.334280,0.277233,2
0.610300,-0.975368,3
0.816747,0.840310,4
0.793162,0.504597,1
0.588455,-0.295222,2
0.702907,0.231924,1
-0.678604,-0.379609,1
0.521837,-0.873708,2
0.714121,0.368185,1
-0.841676,-0.609603,1
0.842337,0.710743,4
-0.058615,0.505008,3
0.730830,0.215793,1
-0.659616,-0.644449,1
-0.483328,-0.090419,4
0.670400,0.182393,1
-0.813186,0.280700,2
0.207025,-0.996439,3
0.121010,0.000187,4
0.508158,-0.290535,2
0.704965,0.211065,1
0.941388,-0.973639,3
0.831456,0.463225,1
-0.847347,0.545577,2
-0.168589,-0.689023,1
0.935974,-0.326252,3
-0.978280,-0.122641,4
-0.821244,0.752550,3
-0.906849,-0.480859,4
-0.891899,-0.390176,4
0.428721,0.778500,1
0.792217,0.615535,1
0.059200,-0.000759,3
0.619096,-0.819789,2
0.999428,0.127254,4
-0.110324,0.704393,3
-0.661682,-0.168936,1
0.730754,-0.830226,3
-0.705710,0.883407,3
0.715351,0.125700,4
-0.805616,0.651325,2
0.799449,-0.783896,3
-0.471316,0.978205,3
0.968654,-0.378165,3
-0.502655,-0.923245,4
0.231659,0.926067,4
0.855255,0.023876,4
0.541602,-0.085544,3
-0.976883,0.160697,3
0.094666,-0.977455,3
-0.712049,0.984342,3
0.726939,-0.373731,2
-0.184594,0.457693,2
-0.203957,0.109696,3
0.341101,-0.488606,2
-0.764604,0.535485,2
-0.837281,-0.965155,4
0.751589,-0.308598,2
-0.986950,0.720243,3
0.313237,-0.489605,2
0.796998,-0.455104,2
-0.563538,0.652253,2
0.568772,0.978064,4
-0.433291,0.591889,2
0.138761,0.661375,1
0.614435,0.426712,1
0.645718,0.341373,1
-0.947019,-0.538876,4
-0.200933,-0.150976,4
0.570819,-0.859833,2
0.360419,0.806216,1
0.675652,0.523137,1
0.841061,0.427241,1
-0.785460,0.854111,3
0.147483,0.527777,1
-0.635494,-0.055519,4
-0.927326,-0.199032,4
-0.403266,0.641446,2
-0.220968,0.163443,3
0.233335,0.917793,4
-0.175181,-0.152231,4
0.344505,-0.529464,2
-0.810857,0.397486,2
-0.068340,-0.011790,4
-0.753490,-0.497521,1
0.128377,0.606929,1
-0.691305,-0.195971,1
0.130066,-0.850244,3
-0.768730,0.344606,2
-0.996134,0.378753,3
-0.127617,-0.631628,1
-0.676766,-0.054943,4
0.169340,-0.080032,3
-0.413497,0.948372,3
-0.916588,0.819837,3
0.866165,-0.091770,3
-0.332393,0.210669,2
0.378767,-0.143250,2
-0.391845,-0.689574,1
0.844959,-0.145335,3
-0.187094,-0.026664,4
-0.538406,0.121601,2
0.777365,0.591661,1
0.271356,-0.991365,3
-0.063733,0.275222,3
0.387388,0.808650,1
0.643595,0.710623,1
-0.246293,-0.187065,4
-0.369409,0.340209,2
-0.238693,-0.285997,1
0.160047,-0.372528,2
0.622233,0.827654,1
0.838141,0.001000,4
-0.315596,-0.553704,1
0.311426,-0.470637,2
0.300962,-0.875668,3
0.502699,0.762556,1
0.245932,0.280065,1
0.354217,-0.482712,2
0.288700,-0.709517,2
0.792511,-0.323912,2
-0.900867,0.436106,3
-0.613289,-0.147160,1
-0.750959,0.017302,3
-0.806950,0.010348,3
0.731304,0.353097,1
0.637820,0.353537,1
0.180751,0.475961,1
-0.645463,0.865154,2
0.922257,0.665963,4
-0.605483,0.223219,2
0.790295,0.897216,4
-0.014225,0.036227,3
0.177281,-0.660009,2
0.553515,-0.534019,2
-0.369525,0.346026,2
0.142069,-0.270392,3
-0.217869,0.528779,2
0.582448,0.031172,4
-0.453919,0.775498,2
-0.958480,-0.722615,4
0.128595,0.679340,4
0.630922,-0.690655,2
0.155300,0.985459,4
-0.825500,0.077557,3
0.651422,-0.430983,2
-0.699224,0.441717,2
-0.533767,0.286551,2
-0.522057,0.643514,2
0.626542,-0.968542,3
-0.890506,-0.742983,4
0.377484,0.251563,1
-0.013375,-0.840384,4
-0.219658,-0.430927,1
0.190788,0.326423,1
-0.655429,0.232308,2
0.603809,0.473166,1
-0.088352,0.234731,3
0.782511,-0.933052,3
0.220190,0.957011,4
0.144506,-0.128388,3
-0.473972,0.445282,2
-0.686671,-0.007739,4
-0.268167,-0.208728,1
-0.364226,-0.641625,1
-0.177269,-0.254731,4
-0.384609,-0.799785,1
0.996832,0.602016,4
-0.640169,-0.222825,1
-0.828911,0.550619,2
-0.896402,-0.484340,1
-0.217073,0.707406,2
0.988827,0.694575,4
-0.057863,0.771338,3
0.761523,-0.837672,3
0.728349,-0.093972,3
0.033940,-0.745623,3
-0.648690,0.347269,2
0.246637,0.083142,4
-0.861458,0.882412,3
0.441517,-0.038727,3
-0.372319,-0.943092,4
0.161488,-0.375487,2
0.658925,0.521319,1
0.401688,0.830014,1
0.071938,0.505285,4
-0.654325,0.854865,2
0.212692,-0.665499,2
0.549440,-0.845171,2
-0.894161,0.310962,3
-0.682843,0.834188,2
-0.783010,0.351097,2
-0.911435,-0.431700,4
-0.301634,0.335202,2
0.651442,-0.163092,2
0.217614,0.092959,4
0.798180,0.845295,4
0.149868,-0.040332,3
-0.530192,-0.191208,1
-0.519013,0.871495,2
-0.361194,0.552925,2
0.376781,-0.015519,3
0.407790,-0.410528,2
0.318982,-0.042771,3
-0.255699,0.424821,2
-0.731808,0.061458,3
0.259009,-0.514818,2
-0.587445,0.347573,2
0.053482,0.110921,4
-0.317225,-0.295076,1
0.947829,0.900389,4
0.797883,0.746009,1
0.745684,-0.052249,3
-0.294323,-0.784508,1
0.756543,0.186664,4
-0.913013,-0.604651,4
-0.260411,0.463768,2
0.379830,-0.852622,2
-0.946760,-0.301188,4
0.104608,-0.202458,3
-0.876367,0.372799,2
0.859000,0.382641,1
0.857981,-0.728445,3
-0.269786,-0.088537,4
0.382476,0.412990,1
0.616387,0.330305,1
0.313379,0.414270,1
0.076314,0.059063,4
-0.637979,0.781991,2
0.274555,-0.881436,3
-0.031345,0.361542,3
-0.486087,0.708243,2
-0.174690,0.893744,3
0.855621,-0.121450,3
-0.407445,-0.039771,4
0.676092,-0.283812,2
-0.666972,0.535092,2
-0.901171,-0.808991,4
0.806646,-0.170956,3
0.102472,0.189122,4
-0.757967,-0.281141,1
-0.480573,0.555412,2
-0.866871,0.595741,2
-0.385524,-0.504850,1
0.377731,0.889031,4
-0.386286,-0.653614,1
0.250573,0.127628,4
-0.945371,-0.924116,4
0.021371,0.910250,4
-0.045566,0.613927,3
-0.129521,-0.369474,1
-0.669885,0.203507,2
-0.834382,-0.571056,1
0.394516,0.972264,4
0.257988,-0.503012,2
0.161386,0.500021,1
0.215846,0.680813,1
0.055433,0.348976,4
0.276554,0.669909,1
0.844126,-0.345714,2
0.558940,-0.542160,2
0.000671,-0.190487,3
0.585468,0.055300,4
-0.114603,-0.393161,1
-0.034449,0.839831,3
-0.779234,0.836030,3
-0.529643,-0.449119,1
0.039537,-0.364026,3
-0.020175,-0.565947,4
-0.391762,-0.762187,1
-0.068959,0.769625,3
0.737834,-0.853113,3
0.450438,-0.206733,2
0.495863,-0.273008,2
-0.536824,0.339988,2
0.381278,-0.977884,3
0.797828,-0.618051,2
-0.168371,0.383296,2
0.437250,0.717026,1
0.990135,-0.597199,3
0.556856,-0.789099,2
-0.761169,-0.972787,4
-0.238218,0.278368,2
-0.336813,0.741607,2
0.712421,0.271425,1
0.979420,-0.356539,3
0.041050,0.717254,4
-0.209652,-0.508512,1
-0.489479,-0.713789,1
0.218481,-0.026302,3
0.626200,-0.400241,2
-0.004186,0.424028,3
-0.018292,0.827443,3
-0.192676,-0.581042,1
0.544468,-0.202540,2
-0.178241,0.101324,3
0.008361,0.060589,4
0.128537,0.770144,4
-0.661043,0.791723,2
0.511751,-0.948622,3
0.063149,0.491171,4
-0.305161,-0.895801,4
0.208425,0.485187,1
-0.404313,0.718946,2
0.771399,0.814168,4
-0.307356,0.397598,2
-0.586073,0.688458,2
-0.178374,0.395635,2
0.515900,0.628950,1
0.814594,0.060368,4
-0.573590,-0.363648,1
-0.838308,0.434771,2
0.696942,0.290229,1
0.204915,-0.964101,3
0.081952,-0.283334,3
-0.912724,-0.854899,4
-0.792163,-0.217885,4
-0.750700,0.416262,2
-0.732697,-0.155013,4
0.135208,-0.961299,3
-0.340845,0.827852,2
0.436299,0.073082,4
0.516310,-0.742074,2
-0.531283,0.032210,3
0.886876,-0.716689,3
-0.907422,-0.686714,4
-0.080337,-0.745730,4
0.748057,-0.383395,2
0.544499,-0.047028,3
-0.347496,-0.373548,1
0.669637,-0.260220,2
-0.228447,0.877474,3
0.521896,0.020853,4
0.293735,0.789198,1
0.865839,-0.571056,2
0.827900,-0.475006,2
-0.743204,0.264199,2
0.598076,0.773106,1
0.522125,-0.933207,3
-0.194685,0.409001,2
-0.649896,-0.102107,4
0.722286,0.269767,1
0.152164,0.470344,1
0.886372,-0.303337,3
-0.576685,-0.461125,1
0.323115,-0.907048,3
0.278656,-0.905332,3
0.970426,-0.199449,3
0.115520,0.264161,4
-0.410251,-0.018640,4
0.693105,-0.582351,2
0.506354,0.949901,4
0.681848,0.104430,4
0.723006,0.203973,1
0.171224,-0.471678,2
-0.387027,0.521327,2
0.426215,-0.664740,2
-0.208906,-0.421621,1
0.805603,-0.322534,2
0.275042,-0.771081,2
0.216341,-0.401843,2
-0.678129,-0.505003,1
-0.307176,-0.707703,1
0.295548,0.808345,1
0.556458,0.885298,1
-0.210296,0.249563,2
-0.697053,-0.703942,1
0.199463,0.984795,4
0.400489,-0.077531,3
0.188768,-0.428288,2
0.450791,0.801741,1
-0.906960,-0.122994,4
-0.862999,-0.115866,4
0.455385,0.942604,4
0.561600,-0.269573,2
-0.828477,-0.222058,4
0.328584,-0.506606,2
0.272939,-0.978592,3
-0.214310,-0.431513,1
0.829753,-0.657851,2
-0.546215,-0.380543,1
0.591711,-0.243268,2
-0.084485,-0.208825,4
-0.258473,-0.683996,1
0.713644,0.930294,4
-0.112284,0.164435,3
0.732035,-0.019244,3
-0.958559,0.869036,3
0.864890,0.496826,1
0.811640,0.426491,1
-0.772747,0.983163,3
-0.795568,0.555837,2
-0.523443,0.477371,2
0.577245,0.262247,1
-0.954142,0.406998,3
0.604396,-0.500357,2
-0.973545,0.196107,3
0.256375,-0.058030,3
0.987282,0.997902,4
0.257974,0.700926,1
0.928196,-0.854309,3
-0.134638,0.660231,2
0.126447,-0.093197,3
0.529267,-0.008663,3
-0.596371,0.340907,2
-0.582172,-0.369117,1
0.324070,-0.377740,2
-0.813281,0.800627,3
-0.900369,0.763964,3
0.062874,-0.854510,3
0.170962,-0.332730,2
-0.354867,0.197417,2
0.863377,0.901508,4
-0.860613,0.850659,3
0.899410,0.397361,4
0.551586,0.827605,1
0.543052,-0.583052,2
0.487836,-0.330501,2
0.323751,0.017103,4
0.660836,0.727380,1
-0.641990,-0.921336,4
-0.641737,0.682081,2
-0.299076,-0.455018,1
0.482708,-0.199445,2
-0.691054,-0.454418,1
-0.053955,0.479908,3
0.212852,0.591178,1
-0.322675,0.076230,3
0.492687,-0.183288,2
-0.073111,0.392096,3
-0.785927,-0.521525,1
0.219702,0.757125,1
-0.104577,-0.292462,4
-0.573377,-0.780826,1
0.724642,-0.912541,3
0.946554,-0.917348,3
-0.833877,-0.695183,1
0.764732,-0.132953,3
-0.150201,0.247440,3
0.667602,0.158745,1
0.793022,-0.386352,2
-0.361346,0.005874,3
-0.795174,0.315979,2
-0.917896,0.697513,3
-0.867309,0.008993,3
0.089609,-0.653236,3
0.487468,-0.690689,2
-0.896111,-0.617109,4
0.016849,-0.469488,3
-0.397935,-0.258509,1
-0.382028,-0.451381,1
-0.175857,-0.215905,4
-0.146565,-0.411125,1
0.651142,0.703234,1
0.836315,0.318744,1
-0.138021,0.629337,2
0.932392,0.500633,4
-0.364789,-0.862782,1
-0.183388,-0.282685,1
0.834730,-0.050697,3
0.726308,-0.075661,3
0.296067,0.213776,1
0.233650,0.399956,1
0.596667,-0.749501,2
0.930469,-0.801269,3
-0.008010,-0.451560,4
-0.252650,0.816133,3
0.332535,0.600785,1
-0.594992,-0.016324,4
0.304019,-0.758677,2
-0.697580,-0.834001,1
0.870659,-0.765188,3
0.666632,-0.494130,2
-0.627971,-0.516756,1
0.223185,-0.793240,3
0.432547,-0.050507,3
0.131099,-0.271385,3
-0.836732,-0.635251,1
-0.871429,0.759935,3
-0.384752,-0.940960,4
0.958666,0.607239,4
-0.392520,-0.293984,1
0.423371,0.940015,4
-0.693198,0.828379,2
-0.076309,0.610821,3
-0.930298,0.226111,3
0.776819,0.940361,4
0.460923,0.443451,1
-0.553769,0.832953,2
0.926695,0.669416,4
-0.960288,0.359243,3
-0.381091,0.170811,2
-0.912143,-0.217823,4
0.535560,-0.783571,2
-0.457888,-0.849192,1
-0.724531,-0.499221,1
0.758047,-0.117051,3
0.206795,0.181418,4
-0.177037,0.513597,2
0.009797,0.746654,4
0.124418,0.079499,4
-0.027234,-0.098763,4
0.019860,-0.566311,3
-0.655312,0.466092,2
-0.733358,-0.728616,1
0.135508,-0.693646,3
0.630626,0.754417,1
0.477165,0.718484,1
-0.463406,0.012725,3
0.934912,0.078706,4
0.163533,-0.789619,3
0.579485,-0.078420,3
0.093329,-0.213720,3
-0.897002,0.916293,3
-0.700123,0.112795,3
0.662947,0.424294,1
-0.807706,-0.364287,1
-0.674468,0.212154,2
0.069402,-0.329780,3
-0.321754,0.336044,2
-0.058396,0.813754,3
0.642398,-0.427770,2
0.568170,0.119563,1
-0.709286,-0.895236,4
-0.867712,-0.774374,4
0.183470,0.295821,1
-0.563993,-0.237046,1
-0.782599,0.529336,2
0.549234,-0.679601,2
0.445629,0.849111,1
0.433195,0.108576,1
0.273405,0.625489,1
0.744289,0.598937,1
-0.162357,-0.186309,4
-0.730843,0.515889,2
-0.850265,0.210760,3
0.329643,0.792133,1
0.782990,-0.102187,3
-0.088304,-0.926296,4
0.002577,0.043984,4
-0.700670,-0.813953,1
-0.660195,-0.264663,1
-0.050999,-0.442794,4
-0.735327,-0.501765,1
-0.122395,0.710302,3
-0.652653,-0.689200,1
-0.181122,0.620752,2
0.936289,-0.436832,3
0.219689,-0.226068,2
0.376859,0.488846,1
-0.710179,0.526594,2
-0.300394,0.619464,2
0.318727,-0.517403,2
-0.482723,-0.769576,1
-0.443699,0.519854,2
0.274408,-0.144370,3
0.705901,0.614213,1
0.590967,-0.345098,2
-0.828581,0.855640,3
0.153137,0.049024,4
0.565942,0.500484,1
0.359824,-0.615179,2
0.121236,0.296113,4
-0.052012,-0.659075,4
-0.929955,-0.675153,4
0.829770,-0.640133,2
0.851442,-0.470623,2
0.979331,0.170169,4
0.011973,-0.503392,3
0.400593,0.568274,1
-0.983538,-0.325000,4
-0.576096,0.722363,2
-0.710787,-0.985129,4
-0.622736,-0.539368,1
0.870512,0.530402,1
0.509656,0.436454,1
0.030885,-0.130520,3
0.821274,-0.847879,3
-0.834407,-0.230737,4
-0.506955,-0.764361,1
0.094110,-0.677184,3
-0.404494,-0.054448,4
-0.147808,-0.425163,1
-0.884279,0.864165,3
0.071445,0.516314,4
0.432439,0.087907,4
-0.808686,0.856343,3
-0.189730,-0.519473,1
0.871215,0.187534,4
-0.058841,0.741726,3
-0.282064,-0.549186,1
0.178180,0.748821,4
0.320295,-0.000546,3
0.900942,0.485888,4
0.768717,-0.606012,2
0.721527,-0.137173,3
-0.283196,-0.682968,1
0.808379,0.568996,1
-0.108131,0.924100,3
0.433161,0.963314,4
0.440414,-0.134400,2
0.051221,0.631728,4
-0.278057,0.861491,3
-0.887745,-0.406842,1
0.049025,0.053413,4
-0.665116,0.766961,2
0.504228,0.513064,1
0.515783,-0.175478,2
-0.487482,0.416725,2
-0.689590,-0.718765,1
0.810713,-0.968063,3
0.144063,-0.472483,2
-0.651030,-0.047559,4
-0.903487,0.240839,3
-0.123459,0.529674,2
0.204153,-0.683045,2
-0.604726,-0.744627,1
0.948683,0.117217,4
-0.883136,-0.939063,4
0.710375,0.165890,1
0.114350,-0.954741,3
-0.067149,-0.381422,4
0.558323,-0.551366,2
0.443101,-0.929159,3
0.865359,0.753511,4
-0.647924,0.676072,2
0.785448,0.496139,1
-0.796411,-0.865582,4
-0.551420,-0.699899,1
0.375257,0.325121,1
0.829775,-0.420591,2
0.642076,-0.774951,2
-0.165217,0.590759,2
0.342266,-0.048353,3
0.651696,0.052641,4
-0.882463,-0.233953,4
0.097900,0.050388,4
0.384625,-0.343777,2
0.499021,-0.172274,2
-0.272936,0.364380,2
-0.418763,0.079140,3
0.040452,-0.633315,3
-0.424721,0.244040,2
-0.498897,0.023859,3
0.544142,0.876360,1
-0.651020,0.373917,2
-0.544230,0.991057,3
0.598966,0.290553,1
0.581815,-0.058767,3
-0.757800,0.233512,2
0.993874,-0.640263,3
0.999558,0.091774,4
0.410124,0.384183,1
0.747997,-0.090855,3
-0.788091,-0.524939,1
-0.726475,-0.206855,1
0.554201,0.313977,1
0.159831,-0.870521,3
-0.441982,0.660934,2
0.153338,-0.897840,3
0.537294,0.502318,1
0.476077,0.993064,4
0.493375,0.075043,4
0.283616,0.075190,4
-0.983724,0.525816,3
-0.691298,-0.989850,4
0.885553,-0.691740,3
0.101925,0.295678,4
0.692443,-0.150078,2
-0.795177,0.904352,3
0.324983,-0.521652,2
-0.302502,-0.120817,4
0.792325,0.857328,4
0.008663,-0.649657,3
0.518262,-0.837999,2
-0.547497,0.055556,3
0.664319,0.928580,4
0.048620,0.157694,4
0.003623,-0.667763,3
-0.767116,0.019899,3
0.858053,-0.458414,2
0.030049,0.743606,4
-0.150154,-0.868026,4
0.039284,-0.457710,3
-0.018104,0.244107,3
-0.553358,-0.693121,1
0.722455,0.144140,4
0.186062,0.514781,1
0.001468,-0.805275,3
0.865124,-0.480269,2
-0.643275,-0.682374,1
0.575287,-0.978956,3
-0.753794,-0.376093,1
0.178738,0.249829,4
-0.043856,0.411622,3
-0.730272,-0.185803,1
0.953208,0.299777,4
-0.442197,-0.196945,1
0.431751,0.597087,1
0.345345,-0.586353,2
-0.158806,0.791987,3
-0.279474,-0.436351,1
-0.063873,0.906588,3
-0.921571,0.937595,3
-0.898688,0.943553,3
-0.542675,-0.541962,1
-0.738821,-0.967388,4
-0.520918,-0.492615,1
-0.343481,0.657820,2
0.757214,0.612663,1
0.069443,-0.973058,3
-0.573140,0.022651,3
0.326719,-0.015337,3
0.825706,-0.241529,3
-0.418251,0.171050,2
0.172118,0.422943,1
-0.036963,0.892644,3
0.986592,0.899163,4
0.799232,-0.934979,3
0.836758,0.900544,4
-0.991426,-0.705917,4
-0.641418,-0.730247,1
-0.673304,-0.162336,1
-0.222861,-0.016785,4
-0.504516,-0.465647,1
-0.404122,0.564927,2
-0.438705,0.022738,3
-0.412422,0.888014,2
-0.992600,-0.586716,4
-0.353515,-0.410850,1
0.584334,0.818602,1
-0.987908,-0.452629,4
0.711246,0.998684,4
-0.553466,0.510478,2
-0.936295,-0.716708,4
0.411022,-0.927721,3
-0.422624,0.769604,2
-0.657967,-0.095928,4
-0.392732,0.119172,2
0.887287,0.102752,4
0.653525,-0.516835,2
-0.332321,-0.785181,1
0.505902,0.255257,1
-0.897166,0.513303,2
0.668541,-0.250682,2
-0.897548,0.252875,3
-0.432079,-0.885455,1
0.800246,-0.720833,2
-0.886771,-0.753220,4
0.789644,-0.823066,3
-0.469928,0.200666,2
-0.750787,0.107448,3
-0.029730,-0.408754,4
-0.988480,0.577537,3
0.710418,0.898806,4
-0.319711,0.363942,2
-0.618029,0.347968,2
0.578761,0.887874,1
-0.396774,0.681595,2
0.401176,-0.728233,2
-0.569087,0.503628,2
0.524642,-0.001166,3
0.618173,0.324888,1
0.278000,0.731402,1
0.571667,0.067645,4
0.908336,-0.898260,3
-0.731689,-0.842451,4
0.209188,0.238580,1
-0.251205,0.220707,2
-0.183882,-0.540788,1
0.119514,0.496407,1
0.823154,0.501485,1
-0.155625,0.401916,2
0.389358,0.447601,1
0.083511,-0.209466,3
0.719368,0.514424,1
-0.705837,0.244010,2
-0.486742,0.912336,3
-0.431103,0.791258,2
0.643737,-0.859435,2
-0.141098,0.552073,2
-0.757696,0.127213,3
0.709622,0.451492,1
-0.634207,-0.541584,1
-0.327801,0.181911,2
-0.082371,0.791713,3
-0.321682,-0.259217,1
0.293198,0.522693,1
-0.857301,-0.317444,4
-0.029706,0.226209,3
0.473091,-0.310338,2
-0.259367,0.767254,2
0.933672,0.253891,4
0.679589,-0.497431,2
0.045149,0.323327,4
-0.356866,0.904051,3
-0.124600,-0.114562,4
0.031264,-0.414979,3
-0.663070,0.397058,2
0.043437,0.009129,4
-0.421032,0.961066,3
-0.199157,0.257286,2
-0.298151,-0.905959,4
-0.220020,-0.155453,4
-0.223403,0.750274,2
-0.929243,-0.750312,4
-0.560064,-0.188610,1
-0.983058,-0.626392,4
-0.934719,0.696531,3
-0.123823,0.110430,3
0.019858,0.519311,4
0.014481,0.895257,4
-0.595251,-0.954255,4
-0.519721,-0.258321,1
0.442802,0.523716,1
0.750808,-0.978229,3
0.484782,-0.448349,2
0.279057,-0.813369,2
-0.354308,-0.940963,4
0.031178,0.422289,4
0.809311,0.101935,4
0.671977,-0.750753,2
0.913325,0.688919,4
-0.377145,0.978606,3
0.385450,0.499032,1
0.089035,-0.594692,3
0.018343,-0.896484,3
-0.699435,0.423092,2
-0.850739,-0.219156,4
-0.835230,0.592063,2
-0.695440,0.915578,3
0.613834,0.789342,1
-0.532771,-0.107109,1
0.975972,0.112921,4
-0.048072,0.007150,3
-0.464791,-0.238761,1
-0.890915,-0.792814,4
0.010486,-0.977590,3
0.896105,0.633341,4
-0.998984,0.281555,3
0.132374,0.090051,4
0.686863,-0.849283,2
0.193567,0.987428,4
0.573809,0.342828,1
-0.231728,0.738579,2
-0.065109,0.072832,3
0.654157,-0.451275,2
-0.137826,-0.878614,4
0.441616,-0.161854,2
0.234307,-0.606456,2
0.845297,0.769516,4
0.154783,0.954382,4
0.976703,-0.834731,3
0.976792,0.872808,4
0.798611,0.977807,4
0.154362,-0.069015,3
0.067858,-0.158775,3
0.081702,-0.738575,3
-0.171346,-0.344489,1
0.604253,0.596926,1
-0.605910,-0.460856,1
-0.330242,-0.951753,4
0.087869,0.531931,4
-0.830367,-0.470514,1
-0.629922,0.403941,2
-0.076970,-0.784626,4
0.173457,-0.922187,3
-0.830244,0.150159,3
-0.756917,-0.853452,4
0.022967,-0.958306,3
-0.875645,-0.822671,4
-0.027322,0.192213,3
0.018555,-0.945620,3
0.453638,0.847208,1
-0.290109,0.057891,3
0.444134,0.103980,1
0.597035,-0.886109,2
0.152227,-0.315096,2
0.645823,0.321861,1
0.214390,-0.984100,3
-0.274199,-0.862580,4
-0.768725,0.899258,3
-0.784767,-0.598969,1
0.049417,-0.541684,3
-0.452422,-0.927616,4
-0.499990,-0.328067,1
-0.750286,0.472688,2
0.864146,0.268268,4
0.527068,0.317784,1
0.115476,-0.763041,3
-0.624326,-0.440390,1
0.340939,0.972710,4
-0.326498,-0.506834,1
-0.342386,-0.680676,1
0.815027,0.872004,4
-0.664775,-0.459172,1
-0.990576,-0.433501,4
-0.559914,-0.775343,1
-0.032470,0.489504,3
-0.317027,0.515108,2
0.561888,0.182983,1
-0.812959,0.811602,3
-0.344329,-0.948813,4
0.079870,-0.817261,3
0.368970,-0.804654,2
-0.580302,0.744645,2
-0.245043,0.760637,2
0.717354,0.428458,1
-0.746197,-0.625032,1
0.747782,-0.931170,3
-0.753027,-0.916993,4
-0.390342,-0.743603,1
-0.350494,0.049745,3
-0.518946,0.617036,2
-0.460752,0.164028,2
0.132144,-0.898864,3
-0.652989,0.319185,2
0.912738,0.002682,4
0.370372,-0.007392,3
0.185421,-0.260657,2
0.187955,0.605119,1
-0.516013,0.942911,3
0.365756,-0.798658,2
0.371370,0.619559,1
-0.423690,0.119152,2
0.688389,-0.176717,2
0.202159,-0.701952,2
0.079680,0.851665,4
0.347793,0.560734,1
0.468701,0.887041,1
-0.275239,-0.399154,1
0.988177,0.071772,4
0.920031,0.900915,4
-0.925546,0.290403,3
-0.106477,0.259874,3
-0.970254,-0.918522,4
-0.135007,-0.486267,1
-0.975611,-0.769251,4
-0.284925,0.395759,2
0.850308,0.291386,4
-0.485089,0.538697,2
-0.885331,0.717070,3
0.836745,0.194348,4
0.568736,0.184537,1
-0.244918,0.037437,3
0.071578,0.479844,4
0.638283,0.059756,4
-0.448384,0.558314,2
-0.039329,-0.373931,4
-0.151283,0.854195,3
0.885944,-0.121537,3
0.935673,-0.249063,3
0.392197,0.960062,4
-0.018314,-0.892728,4
0.355821,-0.168006,2
0.398658,0.870732,1
-0.629309,0.513327,2
0.587803,-0.792564,2
-0.292325,0.156538,3
0.391974,0.462757,1
-0.806025,-0.536448,1
-0.057399,0.832258,3
0.523308,0.494216,1
0.390572,-0.516021,2
-0.879714,-0.760711,4
-0.661827,-0.993771,4
0.117753,-0.726154,3
-0.242834,-0.490050,1
-0.766092,0.738852,2
-0.382778,0.589729,2
-0.429154,-0.984120,4
0.460461,-0.058463,3
0.529206,0.048264,4
0.148973,-0.763119,3
-0.795198,-0.459053,1
0.699638,-0.601223,2
0.004499,-0.357761,3
-0.768965,-0.472194,1
-0.863544,0.621607,2
0.011785,-0.743259,3
0.860897,0.349958,1
-0.737029,-0.021351,4
0.623804,0.020137,4
0.488599,0.857711,1
-0.241011,-0.894179,4
0.447440,0.329835,1
-0.878300,-0.092099,4
-0.728628,0.650906,2
0.956165,0.420345,4
0.887788,-0.839034,3
0.961292,0.587426,4
-0.440257,-0.034209,4
-0.770334,-0.209222,1
0.493598,-0.633879,2
-0.587614,-0.494618,1
-0.377137,-0.726718,1
0.855340,-0.114167,3
0.251932,0.479144,1
0.905970,-0.259469,3
0.336855,-0.335041,2
-0.153649,-0.215704,4
0.994794,-0.031949,3
0.692197,-0.733834,2
-0.381042,0.648361,2
0.686512,-0.493255,2
0.809328,0.647804,1
-0.905828,-0.630929,4
-0.386405,-0.676163,1
0.159850,-0.892807,3
-0.310042,0.572235,2
-0.387425,0.312821,2
0.845518,-0.532084,2
-0.801346,0.097449,3
0.947060,-0.895375,3
0.837980,0.283915,4
-0.230416,-0.315669,1
-0.931789,-0.235622,4
0.652383,0.760408,1
0.030544,-0.728659,3
0.408769,-0.282944,2
-0.221914,0.218097,2
-0.635140,-0.127742,1
0.587168,-0.021545,3
0.196095,-0.252982,2
0.085648,0.886053,4
-0.680746,0.698223,2
0.198874,-0.835229,3
-0.833861,0.397528,2
0.262221,-0.886801,3
0.502153,0.100201,1
0.397115,-0.728263,2
0.784532,0.465326,1
0.036114,0.436915,4
0.225733,-0.933342,3
0.708255,-0.365497,2
-0.216286,-0.513659,1
0.852600,0.148574,4
0.358599,0.439768,1
-0.872971,-0.445307,1
-0.813213,0.212677,3
-0.559253,-0.493960,1
-0.089100,0.639621,3
-0.329188,0.077039,3
0.037149,0.933032,4
0.190238,-0.460698,2
0.033233,-0.412647,3
-0.188961,-0.182235,4
-0.947321,0.847153,3
-0.745321,0.278412,2
0.913811,0.962935,4
0.912915,-0.302475,3
-0.550724,0.765515,2
0.846099,0.807875,4
0.205283,0.973127,4
-0.637432,0.392070,2
0.185804,-0.196685,3
0.898110,-0.903296,3
-0.557065,-0.431078,1
0.173743,0.480085,1
-0.498046,-0.636018,1
-0.980613,0.535187,3
-0.048665,-0.169575,4
-0.647049,0.004013,3
-0.322422,-0.392369,1
-0.717575,-0.408611,1
-0.429435,-0.804660,1
0.288914,0.019841,4
0.960855,0.135013,4
-0.172284,0.166138,3
0.108140,0.190284,4
-0.441792,-0.706056,1
0.993599,-0.543682,3
-0.609352,-0.563465,1
0.025239,0.564391,4
0.916619,0.527193,4
0.928373,0.936006,4
0.062379,-0.120293,3
-0.233569,0.415331,2
0.883721,0.444009,1
-0.977039,-0.833854,4
-0.964602,-0.406473,4
-0.638514,0.324312,2
0.613368,-0.677659,2
-0.540675,-0.558916,1
0.488479,0.567465,1
0.631368,-0.953313,3
0.861409,0.624968,1
-0.496996,-0.747944,1
-0.938498,0.528243,3
0.816447,0.978121,4
0.055436,0.744820,4
0.914127,-0.882184,3
-0.375473,-0.319442,1
0.533146,-0.491753,2
-0.875433,0.556108,2
-0.325607,-0.840034,1
-0.850366,0.035879,3
0.484278,0.763002,1
0.358221,0.943603,4
-0.795914,-0.153300,4
0.511068,0.835455,1
-0.106614,0.372476,3
0.460422,0.396391,1
0.624533,0.521924,1
-0.075366,0.440980,3
0.500046,0.980070,4
0.185800,0.414173,1
-0.902114,0.810327,3
-0.905269,0.631032,3
-0.681426,-0.780701,1
0.187140,-0.007032,3
-0.620736,0.336774,2
-0.971153,0.863543,3
0.099776,0.387068,4
0.807146,0.303862,1
-0.766233,0.318213,2
0.139317,0.127154,4
-0.309310,-0.400261,1
-0.476456,-0.684778,1
-0.878336,0.448178,2
0.756202,0.621710,1
0.428249,-0.057998,3
0.035883,0.526134,4
-0.247671,0.130614,3
0.157166,0.070903,4
0.349913,-0.655694,2
-0.936129,0.729177,3
0.681080,-0.907282,3
0.592720,-0.219144,2
0.479786,0.399866,1
-0.915282,0.713553,3
-0.281921,0.224036,2
-0.159293,0.408769,2
0.823775,0.364251,1
0.723991,0.945439,4
-0.187570,0.480193,2
0.567149,-0.759322,2
-0.577804,-0.396968,1
0.766813,0.174525,4
0.733646,-0.076021,3
-0.754572,0.083559,3
0.268285,-0.690701,2
-0.187264,-0.050635,4
-0.597983,-0.594544,1
0.730221,0.881802,4
0.805322,0.814939,4
0.595356,-0.476600,2
0.038975,-0.563937,3
0.932169,-0.137250,3
0.800314,0.656160,1
-0.191811,-0.387256,1
0.136354,-0.624662,2
-0.146578,0.558549,2
-0.021630,-0.379766,4
-0.266926,-0.287984,1
0.544214,-0.021499,3
0.795574,-0.187501,3
0.287800,-0.391689,2
0.761864,0.689817,1
0.013767,0.492085,4
0.571619,-0.180912,2
0.307025,0.166975,1
0.342489,-0.654000,2
0.603038,0.274658,1
0.208750,0.403352,1
-0.069182,-0.983061,4
-0.983905,-0.932828,4
-0.607723,-0.130483,1
0.625721,0.370646,1
0.489752,-0.641205,2
-0.917338,0.033965,3
0.337296,0.878236,4
0.846464,-0.374904,2
-0.513453,0.608328,2
-0.685087,0.500313,2
0.100413,0.886532,4
-0.680598,-0.592562,1
0.053507,0.661891,4
-0.246563,-0.343455,1
-0.063451,0.962187,3
-0.940103,0.867367,3
0.979126,-0.924008,3
0.934538,-0.628597,3
-0.054491,0.560259,3
0.742049,-0.564739,2
0.919054,0.824710,4
0.469227,0.256350,1
0.702947,0.315691,1
0.881446,-0.810507,3
-0.075981,-0.803641,4
0.689807,-0.975568,3
-0.917109,-0.990791,4
-0.568131,0.136398,2
0.671099,0.185307,1
0.792943,-0.392352,2
0.147494,0.852840,4
-0.524986,0.126620,2
0.928832,-0.590447,3
0.498022,-0.125659,2
0.969812,0.240071,4
0.309603,0.888865,4
0.064781,-0.221171,3
0.145215,-0.232272,3
-0.905480,0.026661,3
-0.042779,0.018538,3
0.223020,-0.352972,2
0.042970,0.305910,4
-0.343763,0.474840,2
-0.557691,-0.672664,1
-0.339854,-0.764748,1
-0.065016,0.807640,3
-0.911909,0.409998,3
-0.065740,-0.983077,4
0.819551,-0.567718,2
-0.108735,0.789363,3
0.672352,-0.799133,2
0.678228,-0.262866,2
-0.020303,-0.176557,4
0.504862,0.074217,4
0.850104,-0.537917,2
-0.907245,0.073124,3
0.109111,0.135725,4
-0.620966,0.765348,2
-0.389435,-0.178657,1
-0.907316,0.270711,3
0.056594,0.027668,4
0.078351,0.144686,4
-0.562334,-0.987390,4
0.161609,-0.742783,3
-0.555108,-0.947126,4
-0.953420,-0.882756,4
-0.746259,0.724808,2
-0.145622,0.233438,3
-0.451749,-0.640760,1
-0.692345,-0.601645,1
-0.178677,-0.599590,1
0.471479,0.930434,4
0.536135,0.850513,1
0.695782,-0.853301,3
-0.328144,0.788466,2
0.417410,0.728450,1
-0.183866,-0.504239,1
-0.126864,0.253800,3
-0.491628,-0.965255,4
0.511016,-0.046737,3
-0.912381,0.557596,3
0.070508,-0.658640,3
0.282404,0.924886,4
0.574798,0.830655,1
-0.715874,0.882452,3
-0.770990,0.105449,3
-0.717138,0.700489,2
0.035883,0.818997,4
0.551002,-0.268335,2
0.965696,-0.777142,3
-0.479869,0.383107,2
0.951308,0.336264,4
0.878868,-0.175556,3
-0.409936,-0.612761,1
-0.140811,-0.898919,4
0.340503,-0.053192,3
0.658677,-0.588989,2
0.288168,-0.058919,3
-0.664103,-0.137034,1
-0.228264,-0.379978,1
-0.254582,0.000746,3
0.725471,0.028280,4
-0.298765,-0.238646,1
-0.152723,-0.747763,4
0.493019,-0.187027,2
-0.524905,-0.986850,4
-0.803921,-0.573597,1
0.349414,-0.925053,3
0.250847,0.939478,4
-0.537813,-0.889964,1
-0.959441,0.802689,3
0.056843,0.699235,4
-0.786300,-0.654989,1
-0.359684,-0.450403,1
0.207977,0.412052,1
0.169619,0.953395,4
-0.587202,-0.104910,4
-0.018325,0.114033,3
0.656444,0.828952,1
0.366270,0.149462,1
-0.358075,0.841365,2
0.162612,-0.161996,3
-0.732232,-0.487974,1
-0.087049,0.518615,3
-0.548496,0.375138,2
0.628651,-0.507937,2
0.177827,-0.314506,2
-0.808702,0.391528,2
0.030505,-0.168386,3
0.941124,-0.761518,3
-0.756334,0.110743,3
-0.808123,-0.343536,1
-0.994167,0.173552,3
0.770497,0.662277,1
0.002503,0.136767,4
-0.188261,0.644428,2
-0.021868,0.974351,3
-0.517568,0.245900,2
-0.513623,0.395384,2
-0.235484,-0.062118,4
-0.229478,-0.606834,1
0.429945,0.948349,4
0.078661,0.621243,4
0.339877,-0.890834,3
-0.547142,0.281001,2
-0.652352,-0.303476,1
-0.608256,-0.460475,1
0.352988,-0.602423,2
0.713077,0.123485,4
-0.940146,-0.284420,4
-0.739748,-0.128407,4
-0.639992,0.238384,2
-0.154056,-0.157560,4
-0.515716,0.332321,2
-0.762176,0.248800,2
-0.729797,0.008345,3
0.641966,0.700148,1
-0.043305,-0.279373,4
0.321391,-0.703429,2
-0.170207,0.774248,3
0.577572,0.177441,1
-0.529228,0.969316,3
0.716967,0.823760,1
-0.633107,0.430044,2
-0.052755,-0.573254,4
-0.854376,0.207497,3
0.298339,-0.494368,2
-0.554119,-0.855716,1
0.348073,-0.069835,3
0.476605,0.585896,1
-0.821035,0.746808,3
-0.405758,0.820931,2
0.446955,0.550937,1
-0.458442,-0.231654,1
0.847508,0.371351,1
-0.457406,0.425080,2
-0.451207,0.013366,3
0.394396,-0.734241,2
-0.162874,0.761288,3
0.695803,0.784371,1
-0.811965,0.841427,3
-0.008132,0.486374,3
-0.652941,0.437748,2
0.630658,0.695132,1
-0.632087,0.107263,3
0.281028,-0.453122,2
-0.145929,0.875270,3
-0.632192,-0.698974,1
0.426206,-0.090634,3
0.069372,0.273714,4
-0.719283,0.611966,2
-0.301206,-0.170490,1
-0.374667,-0.906810,4
0.095269,0.462459,4
0.854478,-0.208928,3
0.246830,-0.957487,3
-0.367501,-0.761302,1
0.528887,-0.020442,3
0.676446,0.159545,1
-0.325310,-0.955641,4
-0.733192,0.955718,3
-0.408763,0.120878,2
0.830987,-0.040955,3
0.421904,0.257194,1
0.868412,-0.508724,2
-0.469092,-0.850871,1
-0.896757,0.229702,3
-0.021361,-0.271424,4
0.322892,-0.926092,3
-0.808965,0.177369,3
-0.135019,0.437865,2
0.219882,0.497480,1
0.676563,-0.251231,2
-0.522962,0.353009,2
0.908314,0.151727,4
0.397369,-0.824878,2
0.107445,0.988606,4
0.296000,-0.061568,3
-0.052349,-0.282096,4
-0.804374,-0.183937,4
0.209181,-0.273466,2
-0.034808,0.312424,3
0.956237,0.943831,4
-0.959001,0.279128,3
-0.982261,-0.767966,4
-0.543502,-0.117280,1
0.669899,0.676380,1
-0.619801,0.346462,2
-0.574851,-0.142763,1
-0.300528,-0.666536,1
-0.991035,-0.903160,4
-0.491414,0.116410,2
-0.914554,0.804586,3
-0.945158,0.033097,3
-0.477510,-0.749532,1
0.849160,0.731671,4
-0.022997,-0.185649,4
0.044095,-0.066761,3
-0.241818,0.085094,3
-0.787632,-0.224079,1
0.317128,-0.331135,2
0.658640,-0.012973,3
-0.654755,-0.961160,4
-0.666511,-0.229605,1
-0.103923,0.032961,3
0.103858,-0.094958,3
0.129801,0.612444,1
-0.978549,0.215247,3
0.417029,-0.923707,3
-0.751656,0.939520,3
-0.673238,-0.902496,4
0.671191,0.303764,1
-0.088145,-0.284715,4
-0.762996,0.670037,2
0.800379,-0.550629,2
-0.554042,0.117507,2
0.118237,-0.895402,3
-0.895466,0.463482,2
-0.856562,-0.561977,1
-0.766123,0.039515,3
0.470983,0.337735,1
0.944557,-0.399216,3
-0.049821,0.966008,3
0.816031,-0.632792,2
-0.957698,-0.935624,4
-0.693272,-0.630937,1
-0.838120,0.977918,3
0.672828,0.073735,4
-0.306797,0.909831,3
-0.256228,-0.506418,1
-0.640797,0.189730,2
0.611089,0.477440,1
0.294328,0.715622,1
-0.059078,0.437766,3
-0.846355,0.174798,3
-0.522719,0.624628,2
-0.487467,-0.578162,1
-0.774587,0.462712,2
-0.612154,-0.958556,4
0.829921,-0.569853,2
-0.894180,-0.863352,4
-0.200789,-0.732301,1
-0.885434,-0.527962,1
0.341434,-0.192230,2
-0.618130,-0.914794,4
0.301352,-0.258927,2
0.274936,-0.087559,3
-0.781488,-0.430736,1
-0.371937,0.159434,2
-0.992971,-0.218292,4
-0.665768,-0.515690,1
-0.593663,-0.153234,1
-0.093852,-0.368251,4
-0.690522,0.293994,2
-0.326807,-0.860602,4
0.724142,-0.220987,2
-0.723953,-0.476648,1
0.046713,-0.609387,3
-0.004609,-0.611853,4
0.198383,0.377260,1
-0.526647,-0.500265,1
-0.881667,0.748289,3
0.412175,-0.663155,2
-0.682448,-0.959762,4
0.496279,-0.675418,2
-0.178054,0.830511,3
-0.191108,0.228283,3
-0.322723,0.715040,2
0.860032,-0.013245,3
0.009034,-0.466774,3
0.126153,-0.266824,3
0.312239,0.402200,1
0.256528,-0.641049,2
0.792813,-0.748081,2
-0.252902,-0.008805,4
0.629179,0.220451,1
0.490930,0.747512,1
-0.031261,-0.096895,4
-0.915643,0.286291,3
-0.056657,0.580636,3
0.610873,0.765290,1
0.411147,-0.580235,2
-0.006427,-0.911576,4
-0.865195,-0.146395,4
0.075179,0.143839,4
0.386830,-0.798668,2
0.877015,-0.300931,3
0.603532,0.133543,1
0.058020,0.396344,4
0.385462,0.805118,1
-0.612460,0.014641,3
0.025569,0.878470,4
-0.237847,0.994308,3
-0.218425,-0.153490,4
0.280600,0.724918,1
-0.572854,-0.108527,1
0.490208,0.838293,1
0.311237,-0.516220,2
0.926717,0.446042,4
0.337385,0.001896,4
-0.410119,-0.275784,1
0.203228,-0.533104,2
0.423285,-0.193241,2
0.600439,-0.518695,2
-0.796896,-0.014099,4
-0.713577,-0.409357,1
-0.999458,0.311992,3
-0.530887,-0.237305,1
0.306301,0.250688,1
0.609205,-0.413100,2
-0.024394,-0.963649,4
0.478373,-0.534187,2
0.874644,-0.210390,3
-0.050406,0.801361,3
-0.764348,-0.713021,1
-0.196743,-0.174467,4
0.011194,-0.993515,3
0.292429,-0.565521,2
-0.186756,-0.107132,4
-0.084216,0.016348,3
0.878769,0.202207,4
0.606991,0.879311,1
-0.485801,-0.923896,4
-0.357994,0.820500,2
0.326791,-0.748789,2
-0.592600,-0.697603,1
-0.712438,0.885772,3
-0.231790,-0.837794,4
-0.324618,0.717804,2
0.963567,-0.088966,3
-0.995217,-0.233176,4
0.736567,0.015977,4
-0.226691,0.028996,3
0.450456,0.586553,1
0.921864,-0.633760,3
-0.397099,0.800633,2
0.568447,-0.790108,2
0.679945,-0.917354,3
-0.714005,-0.678049,1
0.903145,0.612787,4
-0.426838,-0.689455,1
0.915184,-0.139276,3
-0.803683,-0.316606,1
0.022930,-0.128301,3
-0.598802,-0.013503,4
0.782734,-0.594019,2
0.753321,0.519301,1
0.421958,-0.473369,2
-0.451703,-0.127587,1
-0.886816,-0.529839,1
0.238653,-0.283915,2
-0.729206,-0.192900,1
-0.074024,0.950739,3
-0.110255,0.211972,3
-0.727311,-0.207110,1
-0.175241,-0.154149,4
0.103435,-0.260058,3
0.706575,0.299752,1
0.423336,-0.270496,2
-0.828548,0.824534,3
0.716001,0.954185,4
-0.769485,0.469323,2
0.473486,0.652473,1
0.995953,-0.978217,3
-0.475114,-0.890863,1
-0.508056,0.763539,2
-0.174779,-0.237262,4
-0.429361,0.751198,2
-0.286523,0.460384,2
-0.036831,-0.013834,4
-0.746726,0.787928,2
0.832017,0.356710,1
-0.472130,0.538592,2
-0.343538,0.951207,3
-0.731904,-0.172086,4
0.775741,0.984097,4
-0.217901,-0.993744,4
0.453420,-0.744415,2
0.658729,0.449373,1
-0.722632,-0.816385,1
0.558510,-0.230688,2
0.947154,-0.616269,3
0.532050,-0.482208,2
-0.865071,-0.754474,4
0.978176,0.098098,4
0.231693,-0.768549,2
-0.113974,0.063709,3
0.588160,0.413896,1
-0.397699,-0.755378,1
0.365103,-0.129603,2
0.072536,0.140844,4
-0.145506,0.854636,3
0.147100,-0.692086,3
-0.889779,-0.194171,4
0.757286,-0.612411,2
-0.010556,0.315796,3
0.156901,-0.063403,3
0.699527,-0.311049,2
0.454390,0.834456,1
-0.065523,0.432566,3
-0.067446,-0.833830,4
0.664017,0.818581,1
0.229879,0.252177,1
0.232477,0.832181,4
0.496799,-0.402420,2
-0.297422,-0.430664,1
0.738424,0.557072,1
-0.576029,-0.114475,1
0.864985,-0.465808,2
0.691354,0.622272,1
-0.078219,-0.319203,4
-0.061932,-0.921318,4
0.617395,-0.362405,2
-0.232367,0.071784,3
-0.527949,0.702111,2
-0.495650,0.404606,2
0.868280,-0.831633,3
0.223186,0.098160,4
0.420544,-0.544337,2
-0.069660,-0.082656,4
0.053243,0.632918,4
0.486679,-0.208332,2
0.189990,0.910651,4
0.677192,0.054975,4
-0.555157,0.368546,2
-0.322753,0.366625,2
-0.950657,0.615315,3
0.445307,0.666738,1
-0.747090,-0.787060,1
-0.261478,-0.275039,1
0.915051,0.242872,4
-0.870433,0.783331,3
0.411240,0.352753,1
-0.118509,-0.168216,4
0.808416,0.811831,4
0.749128,-0.138341,3
0.444749,0.235807,1
0.653326,-0.365261,2
0.146458,0.330519,1
0.689714,0.591301,1
-0.300935,-0.633039,1
-0.042075,-0.251592,4
0.982276,-0.596768,3
-0.584854,-0.764813,1
-0.383827,0.153668,2
-0.039852,-0.468776,4
-0.603460,0.089715,3
-0.685445,0.807780,2
-0.557532,0.196046,2
-0.360436,-0.749116,1
0.007878,-0.611309,3
0.112543,-0.547373,2
0.624498,-0.234131,2
0.087366,-0.229044,3
-0.903612,-0.222920,4
-0.637743,-0.204548,1
0.144041,0.320182,1
0.543860,0.126317,1
0.723414,0.959006,4
0.361504,-0.660413,2
0.112674,-0.678348,3
-0.129189,0.509214,2
0.411367,0.185366,1
0.316994,0.853835,1
-0.618588,0.956557,3
-0.895282,0.389290,3
-0.654752,0.217261,2
0.841917,0.969746,4
0.983130,-0.070717,3
-0.259298,-0.920483,4
0.706363,0.102959,4
-0.125031,-0.149596,4
-0.576860,-0.581171,1
0.976721,-0.853445,3
-0.622165,0.338225,2
-0.513859,0.490509,2
0.659877,0.356952,1
-0.000278,0.071243,3
-0.457682,-0.683284,1
-0.074922,-0.076270,4
-0.726727,0.029796,3
-0.686981,-0.381478,1
-0.752944,-0.845064,4
-0.411732,-0.769814,1
0.084218,0.328970,4
-0.690297,-0.209419,1
-0.568072,0.184672,2
0.640985,-0.144931,2
0.603502,0.617705,1
0.001623,0.981337,4
-0.044070,0.487765,3
0.471845,-0.384193,2
-0.155283,-0.528432,1
0.687050,0.387034,1
-0.211716,-0.387872,1
-0.689236,0.061557,3
0.641924,-0.376217,2
0.680078,0.888980,4
-0.221281,-0.731654,1
-0.880834,0.862937,3
0.597316,-0.571131,2
-0.346482,-0.970756,4
0.613541,-0.705498,2
-0.115687,0.217042,3
0.912208,0.885936,4
0.198379,-0.131862,3
0.373701,-0.329776,2
0.483945,-0.781582,2
0.141792,0.170995,4
0.605452,0.930075,4
0.783123,0.916216,4
-0.008368,0.425046,3
-0.460001,-0.328289,1
0.314026,0.318718,1
-0.059943,0.433192,3
0.181655,-0.462627,2
0.862060,0.835172,4
-0.433383,0.475601,2
-0.870325,0.450931,2
-0.307356,-0.958117,4
0.336867,0.891023,4
-0.089979,-0.289432,4
-0.438753,-0.606034,1
-0.071014,0.703039,3
0.564961,-0.465562,2
0.633114,0.348083,1
-0.549346,-0.375254,1
-0.226870,-0.009347,4
0.296457,-0.912844,3
-0.690629,-0.763486,1
0.520348,0.491026,1
-0.226113,0.382408,2
0.326198,0.340504,1
-0.141991,0.455873,2
-0.208565,0.550653,2
0.497756,-0.871698,2
0.441676,-0.592223,2
-0.161130,-0.997077,4
-0.198258,0.767856,3
0.705961,-0.633297,2
-0.697705,0.339075,2
0.714787,-0.247051,2
0.963822,-0.512084,3
0.743603,0.260278,1
-0.424928,-0.947026,4
0.496792,-0.904580,3
0.544000,-0.729321,2
0.477828,-0.129802,2
0.611183,-0.664162,2
-0.673929,-0.597383,1
0.886491,0.823827,4
-0.469081,0.328166,2
-0.768397,0.369789,2
0.331089,0.033345,4
0.137646,0.037050,4
0.400048,0.439941,1
-0.623874,0.114835,3
-0.807110,-0.660053,1
0.602751,0.936493,4
0.600226,-0.822176,2
0.989467,0.097018,4
-0.726756,0.533466,2
0.367697,0.751072,1
-0.596336,-0.021121,4
-0.913091,-0.270265,4
0.381497,0.973400,4
-0.446439,0.912416,3
0.301566,-0.214836,2
0.282205,-0.367344,2
0.818510,-0.580149,2
0.669706,0.218558,1
0.859792,-0.954168,3
