0.906454, 0.967400, 0.000000
0.931701, 1.024868, 0.000000
0.855490, 0.928809, 0.000000
0.993904, 1.215893, 2.000000
0.898412, 0.814957, 0.000000
1.156738, 1.231888, 2.000000
1.109767, 1.111286, 2.000000
0.888486, 1.101453, 1.000000
1.057436, 0.990780, 0.000000
1.078397, 1.007371, 0.000000
1.091765, 0.897141, 0.000000
0.774267, 1.178690, 1.000000
1.042888, 1.053132, 0.000000
0.761455, 0.992202, 0.000000
0.771150, 1.130713, 1.000000
0.758116, 0.927604, 0.000000
0.848113, 0.939817, 0.000000
1.202472, 0.953603, 0.000000
1.118626, 0.946376, 0.000000
0.919496, 0.767039, 0.000000
1.011333, 0.826234, 0.000000
1.248927, 0.871100, 0.000000
1.187520, 0.887413, 0.000000
1.222553, 0.994956, 0.000000
1.128193, 1.050950, 0.000000
0.752327, 0.969958, 0.000000
1.198091, 0.776594, 0.000000
0.898648, 0.990978, 0.000000
1.079726, 0.910103, 0.000000
1.233181, 1.100876, 2.000000
0.790816, 1.241297, 1.000000
0.778480, 0.888928, 0.000000
0.931114, 1.230953, 1.000000
1.092531, 0.799740, 0.000000
0.927328, 0.762027, 0.000000
0.816778, 1.188661, 1.000000
0.838261, 0.815705, 0.000000
0.809762, 0.775781, 0.000000
0.953118, 0.782315, 0.000000
1.020737, 0.831311, 0.000000
1.083265, 1.023063, 0.000000
1.051269, 1.031355, 0.000000
1.049657, 1.199917, 2.000000
0.772334, 0.879383, 0.000000
0.860020, 0.755514, 0.000000
1.230259, 0.900836, 0.000000
1.246811, 0.758739, 0.000000
1.039764, 0.927925, 0.000000
1.239692, 0.882295, 0.000000
0.977665, 0.917020, 0.000000
0.894322, 1.044443, 0.000000
0.855682, 0.982583, 0.000000
1.110148, 0.915443, 0.000000
1.008364, 0.813266, 0.000000
0.947758, 0.779101, 0.000000
0.894577, 0.781022, 0.000000
1.052164, 1.195846, 2.000000
1.062378, 0.851821, 0.000000
1.145763, 1.084711, 2.000000
0.981204, 0.755782, 0.000000
1.090226, 0.961462, 0.000000
0.906618, 1.087037, 0.000000
0.970202, 1.196382, 1.000000
0.764962, 0.959894, 0.000000
0.828677, 0.992627, 0.000000
1.126914, 0.973000, 0.000000
0.787070, 1.232595, 1.000000
1.205583, 1.147218, 2.000000
0.898039, 0.963948, 0.000000
1.210485, 1.095797, 2.000000
0.993048, 0.855061, 0.000000
1.126819, 0.795212, 0.000000
0.800907, 0.939197, 0.000000
0.897033, 1.196669, 1.000000
0.773908, 1.128237, 1.000000
1.202452, 1.114134, 2.000000
0.839700, 0.859070, 0.000000
0.951171, 1.059901, 0.000000
0.805452, 0.966133, 0.000000
0.769795, 0.884130, 0.000000
1.208761, 1.146709, 2.000000
1.107130, 1.245831, 2.000000
1.129304, 1.062713, 0.000000
1.143049, 0.777343, 0.000000
0.776660, 1.103534, 1.000000
1.123140, 1.019709, 0.000000
1.208595, 0.999959, 0.000000
1.064921, 0.759502, 0.000000
1.189156, 1.211954, 2.000000
1.206171, 1.213064, 2.000000
1.090191, 1.158623, 2.000000
1.077198, 1.179891, 2.000000
0.767693, 0.778369, 0.000000
0.989792, 0.823145, 0.000000
0.994502, 1.009587, 0.000000
0.957275, 0.953263, 0.000000
0.906296, 0.814405, 0.000000
0.949094, 0.785601, 0.000000
1.127117, 0.842143, 0.000000
0.812944, 1.153778, 1.000000
1.195677, 1.186083, 2.000000
0.923486, 1.154272, 1.000000
0.936042, 1.238407, 1.000000
1.163774, 0.875198, 0.000000
1.200362, 1.119946, 2.000000
0.838261, 1.040553, 0.000000
1.028569, 1.165459, 2.000000
0.970444, 1.046262, 0.000000
1.193827, 1.210236, 2.000000
1.119407, 0.938329, 0.000000
0.969824, 0.826683, 0.000000
1.141592, 1.126120, 2.000000
0.891087, 0.840686, 0.000000
1.161720, 0.768205, 0.000000
0.932829, 1.224664, 1.000000
1.171982, 0.878506, 0.000000
1.160747, 0.845469, 0.000000
0.782778, 0.846789, 0.000000
0.833876, 1.196552, 1.000000
0.971987, 0.784238, 0.000000
1.066497, 1.060248, 0.000000
1.074790, 0.845066, 0.000000
0.975707, 0.795235, 0.000000
1.141328, 0.919534, 0.000000
0.755471, 1.010736, 0.000000
1.107863, 0.975294, 0.000000
1.087418, 0.999455, 0.000000
0.851414, 1.228506, 1.000000
1.090141, 0.763135, 0.000000
1.246710, 0.772969, 0.000000
1.237799, 1.168693, 2.000000
0.901475, 1.148546, 1.000000
0.764161, 0.934253, 0.000000
1.245335, 0.848037, 0.000000
0.880805, 0.967322, 0.000000
0.882275, 1.197302, 1.000000
0.777570, 1.207065, 1.000000
0.792369, 1.003277, 0.000000
0.752300, 1.183697, 1.000000
1.172810, 0.757771, 0.000000
0.944432, 1.030674, 0.000000
0.983065, 0.781851, 0.000000
0.780128, 1.084479, 1.000000
0.760356, 1.120269, 1.000000
1.097614, 0.757067, 0.000000
1.143239, 1.085413, 2.000000
1.175760, 0.794714, 0.000000
0.983959, 1.189921, 1.000000
0.978967, 0.979295, 0.000000
0.787958, 1.109771, 1.000000
0.446617, 0.170233, 0.000000
0.307074, 0.474187, 0.000000
0.127298, 0.349443, 0.000000
0.227463, 0.129598, 0.000000
0.283139, 0.150274, 0.000000
0.137369, 0.477572, 0.000000
0.430947, 0.370434, 0.000000
0.009423, 0.461076, 0.000000
0.204913, 0.019779, 0.000000
0.331345, 0.052527, 0.000000
0.026846, 0.224583, 0.000000
0.387940, 0.452605, 0.000000
0.269297, 0.121900, 0.000000
0.392526, 0.498264, 0.000000
0.351194, 0.430484, 0.000000
0.358035, 0.297811, 0.000000
0.100717, 0.165109, 0.000000
0.271998, 0.228015, 0.000000
0.014552, 0.499461, 0.000000
0.357613, 0.297691, 0.000000
0.149735, 0.494982, 0.000000
0.275263, 0.080683, 0.000000
0.365416, 0.284686, 0.000000
0.041758, 0.070329, 0.000000
0.304465, 0.373103, 0.000000
0.122856, 0.331311, 0.000000
0.097687, 0.010797, 0.000000
0.283917, 0.366984, 0.000000
0.132696, 0.176443, 0.000000
0.365247, 0.483891, 0.000000
0.106927, 0.223282, 0.000000
0.281702, 0.207644, 0.000000
0.388391, 0.053699, 0.000000
0.435660, 0.402943, 0.000000
0.053161, 0.293273, 0.000000
0.200634, 0.202896, 0.000000
0.288255, 0.475897, 0.000000
0.283579, 0.153671, 0.000000
0.260583, 0.325337, 0.000000
0.223999, 0.065048, 0.000000
0.198440, 0.346856, 0.000000
0.396359, 0.296127, 0.000000
0.357652, 0.180276, 0.000000
0.163110, 0.490349, 0.000000
0.356719, 0.028357, 0.000000
0.474239, 0.463646, 0.000000
0.251640, 0.255941, 0.000000
0.171290, 0.140031, 0.000000
0.309640, 0.106950, 0.000000
0.042974, 0.362801, 0.000000
0.400223, 0.243608, 0.000000
0.065697, 0.188478, 0.000000
0.219505, 0.349276, 0.000000
0.342149, 0.480088, 0.000000
0.174613, 0.066148, 0.000000
0.045137, 0.373053, 0.000000
0.413004, 0.441496, 0.000000
0.169179, 0.270656, 0.000000
0.121772, 0.332289, 0.000000
0.261005, 0.478490, 0.000000
0.360647, 0.235244, 0.000000
0.442136, 0.112286, 0.000000
0.491185, 0.113427, 0.000000
0.252317, 0.300826, 0.000000
0.220377, 0.295291, 0.000000
0.163627, 0.120600, 0.000000
0.038899, 0.229324, 0.000000
0.309078, 0.258404, 0.000000
0.078600, 0.151227, 0.000000
0.238492, 0.253212, 0.000000
0.217375, 0.283628, 0.000000
0.126265, 0.130379, 0.000000
0.225124, 0.295444, 0.000000
0.401035, 0.346896, 0.000000
0.127733, 0.162040, 0.000000
0.325387, 0.488380, 0.000000
0.397284, 0.267523, 0.000000
0.100667, 0.388469, 0.000000
0.380950, 0.352984, 0.000000
0.189295, 0.101326, 0.000000
0.148275, 0.352922, 0.000000
0.221926, 0.187173, 0.000000
0.082245, 0.031005, 0.000000
0.445577, 0.160845, 0.000000
0.182231, 0.184069, 0.000000
0.414057, 0.399606, 0.000000
0.467697, 0.040322, 0.000000
0.029985, 0.192821, 0.000000
0.335766, 0.431020, 0.000000
0.039718, 0.463499, 0.000000
0.093059, 0.365104, 0.000000
0.451879, 0.490343, 0.000000
0.132627, 0.052546, 0.000000
0.378812, 0.013577, 0.000000
0.405530, 0.068107, 0.000000
0.114903, 0.053804, 0.000000
0.421028, 0.336830, 0.000000
0.240977, 0.003274, 0.000000
0.367834, 0.186554, 0.000000
0.164119, 0.050066, 0.000000
0.370623, 0.078176, 0.000000
0.449672, 0.338320, 0.000000
0.118498, 0.479657, 0.000000
0.031141, 0.454264, 0.000000
0.410676, 0.070859, 0.000000
0.417763, 0.003736, 0.000000
0.435963, 0.369642, 0.000000
0.494079, 0.068590, 0.000000
0.422188, 0.372891, 0.000000
0.082167, 0.327718, 0.000000
0.440998, 0.197071, 0.000000
0.381522, 0.362026, 0.000000
0.033900, 0.122499, 0.000000
0.365300, 0.401735, 0.000000
0.309053, 0.029419, 0.000000
0.451801, 0.179676, 0.000000
0.107595, 0.401473, 0.000000
0.017995, 0.226093, 0.000000
0.381130, 0.049137, 0.000000
0.180357, 0.291806, 0.000000
0.119996, 0.098120, 0.000000
0.295542, 0.055959, 0.000000
0.467762, 0.289620, 0.000000
0.124549, 0.389950, 0.000000
0.162511, 0.206716, 0.000000
0.217667, 0.103509, 0.000000
0.403787, 0.099189, 0.000000
0.465535, 0.437687, 0.000000
0.221688, 0.330836, 0.000000
0.339422, 0.030741, 0.000000
0.360255, 0.291222, 0.000000
0.210417, 0.467850, 0.000000
0.192695, 0.228412, 0.000000
0.193944, 0.073825, 0.000000
0.277549, 0.374300, 0.000000
0.365631, 0.397545, 0.000000
0.472420, 0.161172, 0.000000
0.453503, 0.440182, 0.000000
0.450793, 0.078052, 0.000000
0.330132, 0.113304, 0.000000
0.284768, 0.047799, 0.000000
0.216813, 0.188555, 0.000000
0.146988, 0.182349, 0.000000
0.126242, 0.368677, 0.000000
0.013184, 0.465664, 0.000000
0.399418, 0.373439, 0.000000
0.256886, 0.109835, 0.000000
0.341289, 0.449581, 0.000000
0.338248, 0.035233, 0.000000
0.023405, 0.115797, 0.000000
0.409533, 1.889036, 1.000000
0.013342, 1.881953, 1.000000
0.050208, 1.966845, 1.000000
0.322136, 1.501001, 1.000000
0.044897, 1.652267, 1.000000
0.114305, 1.829665, 1.000000
0.200067, 1.831119, 1.000000
0.018220, 1.847055, 1.000000
0.013467, 1.644462, 1.000000
0.215732, 1.526651, 1.000000
0.110126, 1.615150, 1.000000
0.400090, 1.867011, 1.000000
0.224985, 1.741380, 1.000000
0.316592, 1.563233, 1.000000
0.276613, 1.839998, 1.000000
0.179030, 1.686146, 1.000000
0.229034, 1.692372, 1.000000
0.068100, 1.779242, 1.000000
0.159217, 1.890235, 1.000000
0.280243, 1.704114, 1.000000
0.042502, 1.894549, 1.000000
0.033779, 1.742569, 1.000000
0.225667, 1.551999, 1.000000
0.089624, 1.739135, 1.000000
0.196461, 1.805356, 1.000000
0.265786, 1.806587, 1.000000
0.420506, 1.665876, 1.000000
0.173598, 1.645491, 1.000000
0.407256, 1.990190, 1.000000
0.208724, 1.683869, 1.000000
0.330188, 1.887754, 1.000000
0.370015, 1.559221, 1.000000
0.080126, 1.938114, 1.000000
0.338463, 1.739343, 1.000000
0.328350, 1.618707, 1.000000
0.443456, 1.870852, 1.000000
0.013256, 1.977235, 1.000000
0.113421, 1.738923, 1.000000
0.029234, 1.703045, 1.000000
0.478058, 1.725695, 1.000000
0.008400, 1.743843, 1.000000
0.032282, 1.928906, 1.000000
0.409720, 1.705880, 1.000000
0.074397, 1.816976, 1.000000
0.196070, 1.783121, 1.000000
0.000845, 1.526258, 1.000000
0.170876, 1.870860, 1.000000
0.085479, 1.751002, 1.000000
0.308974, 1.923943, 1.000000
0.490344, 1.637324, 1.000000
0.042650, 1.933800, 1.000000
0.008175, 1.555905, 1.000000
0.411036, 1.621596, 1.000000
0.294828, 1.940270, 1.000000
0.324641, 1.772886, 1.000000
0.165965, 1.833041, 1.000000
0.016729, 1.698247, 1.000000
0.261947, 1.926449, 1.000000
0.404127, 1.836344, 1.000000
0.243425, 1.600198, 1.000000
0.119466, 1.744270, 1.000000
0.126456, 1.790341, 1.000000
0.115129, 1.711935, 1.000000
0.041343, 1.924103, 1.000000
0.135878, 1.531687, 1.000000
0.061427, 1.678528, 1.000000
0.465488, 1.569602, 1.000000
0.234433, 1.876523, 1.000000
0.191199, 1.529261, 1.000000
0.316793, 1.515839, 1.000000
0.302147, 1.982758, 1.000000
0.348880, 1.818877, 1.000000
0.181005, 1.610827, 1.000000
0.245326, 1.585132, 1.000000
0.447172, 1.988750, 1.000000
0.185330, 1.566637, 1.000000
0.233020, 1.811786, 1.000000
0.356978, 1.848150, 1.000000
0.023721, 1.898321, 1.000000
0.272253, 1.659599, 1.000000
0.430009, 1.833680, 1.000000
0.338127, 1.895496, 1.000000
0.403282, 1.572559, 1.000000
0.272019, 1.594481, 1.000000
0.101821, 1.588812, 1.000000
0.110320, 1.903968, 1.000000
0.071570, 1.959201, 1.000000
0.222845, 1.752576, 1.000000
0.070028, 1.968170, 1.000000
0.337708, 1.517200, 1.000000
0.456921, 1.523038, 1.000000
0.083837, 1.689941, 1.000000
0.334824, 1.940815, 1.000000
0.038091, 1.858545, 1.000000
0.339137, 1.810344, 1.000000
0.018144, 1.769145, 1.000000
0.144023, 1.856270, 1.000000
0.164642, 1.547306, 1.000000
0.428830, 1.936661, 1.000000
0.141787, 1.530651, 1.000000
0.025473, 1.752107, 1.000000
0.434619, 1.597044, 1.000000
0.211308, 1.657463, 1.000000
0.349619, 1.781337, 1.000000
0.125634, 1.687327, 1.000000
0.298536, 1.582554, 1.000000
0.210366, 1.882374, 1.000000
0.272495, 1.545189, 1.000000
0.323189, 1.810586, 1.000000
0.403734, 1.662326, 1.000000
0.120929, 1.921878, 1.000000
0.431471, 1.764953, 1.000000
0.278148, 1.596113, 1.000000
0.312259, 1.706978, 1.000000
0.032774, 1.954046, 1.000000
0.237629, 1.558247, 1.000000
0.206153, 1.672247, 1.000000
0.155291, 1.917461, 1.000000
0.329711, 1.504910, 1.000000
0.198798, 1.955344, 1.000000
0.192237, 1.997334, 1.000000
0.037899, 1.902603, 1.000000
0.379708, 1.810394, 1.000000
0.447792, 1.702897, 1.000000
0.120980, 1.851527, 1.000000
0.365222, 1.741910, 1.000000
0.273405, 1.796693, 1.000000
0.006863, 1.551553, 1.000000
0.392806, 1.819121, 1.000000
0.258531, 1.925580, 1.000000
0.273167, 1.996160, 1.000000
0.483826, 1.979320, 1.000000
0.168407, 1.639117, 1.000000
0.396781, 1.998118, 1.000000
0.144027, 1.595579, 1.000000
0.453463, 1.836264, 1.000000
0.092913, 1.991362, 1.000000
0.238867, 1.972620, 1.000000
0.301756, 1.686659, 1.000000
0.175517, 1.922736, 1.000000
0.038186, 1.540739, 1.000000
0.164646, 1.811591, 1.000000
0.337433, 1.671509, 1.000000
0.363144, 1.730239, 1.000000
0.490630, 1.621675, 1.000000
0.155818, 1.763797, 1.000000
0.117835, 1.639645, 1.000000
0.243117, 1.786242, 1.000000
0.278762, 1.639899, 1.000000
0.284360, 1.922788, 1.000000
1.735477, 0.237823, 0.000000
1.759052, 0.328390, 0.000000
1.729185, 0.497919, 0.000000
1.801011, 0.030940, 0.000000
1.684579, 0.476528, 0.000000
1.953677, 0.222764, 0.000000
1.517267, 0.118323, 0.000000
1.534355, 0.354700, 0.000000
1.789831, 0.397499, 0.000000
1.584939, 0.280461, 0.000000
1.519174, 0.240757, 0.000000
1.544259, 0.137008, 0.000000
1.880401, 0.287376, 0.000000
1.923250, 0.159163, 0.000000
1.927274, 0.207610, 0.000000
1.581951, 0.162752, 0.000000
1.945433, 0.341004, 0.000000
1.991142, 0.174618, 0.000000
1.838923, 0.292153, 0.000000
1.705558, 0.023502, 0.000000
1.768681, 0.159235, 0.000000
1.746266, 0.285948, 0.000000
1.777557, 0.280621, 0.000000
1.640648, 0.067389, 0.000000
1.678120, 0.225586, 0.000000
1.847850, 0.197293, 0.000000
1.966343, 0.392109, 0.000000
1.834301, 0.346744, 0.000000
1.679485, 0.257552, 0.000000
1.505907, 0.106759, 0.000000
1.965162, 0.087859, 0.000000
1.769511, 0.410595, 0.000000
1.928862, 0.260653, 0.000000
1.585213, 0.267785, 0.000000
1.552806, 0.290771, 0.000000
1.791287, 0.321487, 0.000000
1.950006, 0.037553, 0.000000
1.607434, 0.227564, 0.000000
1.818174, 0.248082, 0.000000
1.794952, 0.496294, 0.000000
1.973668, 0.142802, 0.000000
1.693587, 0.440011, 0.000000
1.534911, 0.027888, 0.000000
1.786755, 0.214395, 0.000000
1.785440, 0.292662, 0.000000
1.821154, 0.250602, 0.000000
1.880521, 0.090665, 0.000000
1.661198, 0.309383, 0.000000
1.851318, 0.246411, 0.000000
1.577168, 0.404124, 0.000000
1.537182, 0.368455, 0.000000
1.725611, 0.487188, 0.000000
1.906008, 0.333045, 0.000000
1.714752, 0.224182, 0.000000
1.581127, 0.009704, 0.000000
1.720476, 0.054795, 0.000000
1.652506, 0.414062, 0.000000
1.994805, 0.187417, 0.000000
1.941951, 0.281560, 0.000000
1.901813, 0.227391, 0.000000
1.574223, 0.222967, 0.000000
1.977993, 0.454744, 0.000000
1.813633, 0.139190, 0.000000
1.764127, 0.164951, 0.000000
1.885601, 0.341295, 0.000000
1.569075, 0.422783, 0.000000
1.709751, 0.294686, 0.000000
1.909971, 0.115759, 0.000000
1.627731, 0.124723, 0.000000
1.839941, 0.208858, 0.000000
1.634427, 0.060417, 0.000000
1.763652, 0.286934, 0.000000
1.974479, 0.258458, 0.000000
1.974351, 0.416430, 0.000000
1.540018, 0.376164, 0.000000
1.643820, 0.114241, 0.000000
1.599132, 0.121813, 0.000000
1.568984, 0.412764, 0.000000
1.761003, 0.333111, 0.000000
1.577716, 0.146604, 0.000000
1.674406, 0.146791, 0.000000
1.569387, 0.384157, 0.000000
1.941477, 0.479358, 0.000000
1.999916, 0.069208, 0.000000
1.604081, 0.339857, 0.000000
1.778066, 0.238508, 0.000000
1.900274, 0.041719, 0.000000
1.525442, 0.374753, 0.000000
1.800176, 0.499793, 0.000000
1.791183, 0.340195, 0.000000
1.875957, 0.435003, 0.000000
1.954435, 0.475089, 0.000000
1.556816, 0.023420, 0.000000
1.887853, 0.317819, 0.000000
1.856531, 0.465569, 0.000000
1.964423, 0.030937, 0.000000
1.612360, 0.033810, 0.000000
1.915094, 0.053837, 0.000000
1.513168, 0.415010, 0.000000
1.623046, 0.117249, 0.000000
1.754867, 0.401112, 0.000000
1.855757, 0.155141, 0.000000
1.942830, 0.381199, 0.000000
1.529894, 0.243007, 0.000000
1.880992, 0.321076, 0.000000
1.583201, 0.256950, 0.000000
1.756080, 0.037637, 0.000000
1.732039, 0.312896, 0.000000
1.561056, 0.119892, 0.000000
1.630715, 0.417587, 0.000000
1.585461, 0.095138, 0.000000
1.948524, 0.197821, 0.000000
1.628947, 0.363618, 0.000000
1.751658, 0.142115, 0.000000
1.778627, 0.374704, 0.000000
1.759364, 0.033494, 0.000000
1.775816, 0.115121, 0.000000
1.688635, 0.218646, 0.000000
1.996320, 0.218529, 0.000000
1.961653, 0.377312, 0.000000
1.539605, 0.044854, 0.000000
1.634261, 0.295685, 0.000000
1.582491, 0.366300, 0.000000
1.608580, 0.143547, 0.000000
1.986192, 0.239295, 0.000000
1.561134, 0.071653, 0.000000
1.834433, 0.009658, 0.000000
1.769475, 0.463381, 0.000000
1.873276, 0.021133, 0.000000
1.605496, 0.151903, 0.000000
1.895837, 0.364859, 0.000000
1.685397, 0.171653, 0.000000
1.979980, 0.374032, 0.000000
1.890299, 0.476299, 0.000000
1.592561, 0.351952, 0.000000
1.853611, 0.132166, 0.000000
1.896806, 0.487873, 0.000000
1.927850, 0.479297, 0.000000
1.854173, 0.036431, 0.000000
1.622844, 0.340365, 0.000000
1.775726, 0.183979, 0.000000
1.912018, 0.110159, 0.000000
1.693637, 0.181493, 0.000000
1.573539, 0.066912, 0.000000
1.702626, 0.179035, 0.000000
1.718815, 0.098463, 0.000000
1.543895, 0.404212, 0.000000
1.770116, 0.023874, 0.000000
1.778245, 0.160415, 0.000000
1.500174, 0.370805, 0.000000
1.512367, 1.853785, 2.000000
1.502971, 1.909173, 2.000000
1.841658, 1.930822, 2.000000
1.888470, 1.695830, 2.000000
1.967253, 1.511315, 2.000000
1.536195, 1.742979, 2.000000
1.695293, 1.948213, 2.000000
1.853138, 1.888930, 2.000000
1.629706, 1.926677, 2.000000
1.955842, 1.832333, 2.000000
1.605712, 1.674657, 2.000000
1.930796, 1.649607, 2.000000
1.578869, 1.700912, 2.000000
1.673481, 1.857114, 2.000000
1.861327, 1.673655, 2.000000
1.727919, 1.873693, 2.000000
1.527440, 1.730891, 2.000000
1.782866, 1.869098, 2.000000
1.661712, 1.671336, 2.000000
1.564928, 1.628965, 2.000000
1.682651, 1.601123, 2.000000
1.871944, 1.877944, 2.000000
1.549336, 1.725081, 2.000000
1.766874, 1.679043, 2.000000
1.651758, 1.722716, 2.000000
1.511375, 1.757471, 2.000000
1.897372, 1.942171, 2.000000
1.907078, 1.976242, 2.000000
1.643083, 1.580559, 2.000000
1.833356, 1.504409, 2.000000
1.754214, 1.561275, 2.000000
1.878102, 1.781654, 2.000000
1.792166, 1.660969, 2.000000
1.650752, 1.953878, 2.000000
1.832305, 1.715680, 2.000000
1.582843, 1.514956, 2.000000
1.816803, 1.954787, 2.000000
1.892900, 1.866139, 2.000000
1.679868, 1.659773, 2.000000
1.545181, 1.831626, 2.000000
1.882489, 1.556556, 2.000000
1.589097, 1.779861, 2.000000
1.998727, 1.996175, 2.000000
1.756103, 1.641810, 2.000000
1.576734, 1.589459, 2.000000
1.646219, 1.830948, 2.000000
1.650734, 1.524322, 2.000000
1.612602, 1.942899, 2.000000
1.685290, 1.763354, 2.000000
1.896777, 1.517595, 2.000000
1.979034, 1.979620, 2.000000
1.532550, 1.795837, 2.000000
1.934407, 1.925450, 2.000000
1.661975, 1.614275, 2.000000
1.585223, 1.707157, 2.000000
1.945901, 1.967712, 2.000000
1.763713, 1.534998, 2.000000
1.747573, 1.762440, 2.000000
1.531173, 1.503677, 2.000000
1.904251, 1.607907, 2.000000
1.593135, 1.550470, 2.000000
1.938855, 1.743869, 2.000000
1.574791, 1.551457, 2.000000
1.686769, 1.760081, 2.000000
1.814811, 1.583546, 2.000000
1.777676, 1.793845, 2.000000
1.563166, 1.810227, 2.000000
1.589682, 1.997573, 2.000000
1.735677, 1.751657, 2.000000
1.611848, 1.820900, 2.000000
1.958814, 1.557750, 2.000000
1.788612, 1.722527, 2.000000
1.592748, 1.536185, 2.000000
1.984967, 1.623921, 2.000000
1.539862, 1.889218, 2.000000
1.731828, 1.632997, 2.000000
1.939687, 1.670683, 2.000000
1.876866, 1.514479, 2.000000
1.722141, 1.563635, 2.000000
1.774560, 1.536952, 2.000000
1.647181, 1.552236, 2.000000
1.830797, 1.710347, 2.000000
1.862463, 1.920479, 2.000000
1.707920, 1.598139, 2.000000
1.672137, 1.819769, 2.000000
1.919039, 1.630950, 2.000000
1.877518, 1.707651, 2.000000
1.853477, 1.970266, 2.000000
1.743836, 1.838445, 2.000000
1.594187, 1.783698, 2.000000
1.727662, 1.826016, 2.000000
1.916695, 1.667350, 2.000000
1.996699, 1.793561, 2.000000
1.681829, 1.718840, 2.000000
1.857196, 1.956389, 2.000000
1.755792, 1.504376, 2.000000
1.508625, 1.586589, 2.000000
1.714723, 1.871088, 2.000000
1.507068, 1.922644, 2.000000
1.969227, 1.679205, 2.000000
1.742413, 1.888267, 2.000000
1.810155, 1.619931, 2.000000
1.595917, 1.663632, 2.000000
1.590197, 1.839753, 2.000000
1.502077, 1.684385, 2.000000
1.623451, 1.729739, 2.000000
1.510401, 1.540145, 2.000000
1.897089, 1.507100, 2.000000
1.833706, 1.578918, 2.000000
1.725939, 1.690902, 2.000000
1.535307, 1.981731, 2.000000
1.695278, 1.543932, 2.000000
1.568320, 1.910002, 2.000000
1.915020, 1.575388, 2.000000
1.832646, 1.884247, 2.000000
1.754592, 1.575058, 2.000000
1.772514, 1.564747, 2.000000
1.694989, 1.868431, 2.000000
1.728379, 1.785187, 2.000000
1.708184, 1.730456, 2.000000
1.969571, 1.831635, 2.000000
1.960195, 1.979972, 2.000000
1.871780, 1.857284, 2.000000
1.987071, 1.705487, 2.000000
1.936202, 1.713011, 2.000000
1.896389, 1.971508, 2.000000
1.694741, 1.591667, 2.000000
1.515440, 1.763061, 2.000000
1.501669, 1.930460, 2.000000
1.838449, 1.834315, 2.000000
1.814707, 1.593041, 2.000000
1.909373, 1.587221, 2.000000
1.657788, 1.604362, 2.000000
1.955652, 1.886167, 2.000000
1.889549, 1.663836, 2.000000
1.616623, 1.859120, 2.000000
1.995471, 1.576818, 2.000000
1.839092, 1.867252, 2.000000
1.934102, 1.826163, 2.000000
1.572738, 1.870304, 2.000000
1.539174, 1.969127, 2.000000
1.841812, 1.733915, 2.000000
1.560794, 1.857252, 2.000000
1.996977, 1.562463, 2.000000
1.787712, 1.835425, 2.000000
1.896777, 1.602419, 2.000000
1.928466, 1.806150, 2.000000
1.689640, 1.586254, 2.000000
1.910513, 1.645292, 2.000000
1.972422, 1.800062, 2.000000
0.723651, 0.071236, 0.000000
0.663673, 0.243679, 0.000000
0.666345, 0.398619, 0.000000
0.668740, 0.079972, 0.000000
0.729775, 0.195671, 0.000000
0.788108, 0.290889, 0.000000
0.685486, 0.249665, 0.000000
0.639011, 0.219608, 0.000000
0.667733, 0.075603, 0.000000
0.734789, 0.365637, 0.000000
0.771972, 0.187000, 0.000000
0.623786, 0.286716, 0.000000
0.615960, 0.199284, 0.000000
0.777860, 0.360331, 0.000000
0.757759, 0.333657, 0.000000
0.700190, 0.162821, 0.000000
0.602446, 0.327726, 0.000000
0.603250, 0.137583, 0.000000
0.763172, 0.143981, 0.000000
0.708777, 0.185895, 0.000000
0.769826, 0.193770, 0.000000
0.638392, 0.110625, 0.000000
0.621717, 0.154805, 0.000000
0.765117, 0.178902, 0.000000
0.715204, 0.199811, 0.000000
0.672269, 0.174351, 0.000000
0.793406, 0.192111, 0.000000
0.630533, 0.018732, 0.000000
0.795697, 0.016786, 0.000000
0.789531, 0.306913, 0.000000
0.775221, 0.179442, 0.000000
0.634867, 0.355335, 0.000000
0.653584, 0.076234, 0.000000
0.646459, 0.033512, 0.000000
0.710107, 0.310473, 0.000000
0.709703, 0.159866, 0.000000
0.652121, 0.296190, 0.000000
0.735246, 0.147678, 0.000000
0.625498, 0.200724, 0.000000
0.763290, 0.281403, 0.000000
0.600268, 0.071118, 0.000000
0.627877, 0.387347, 0.000000
0.731614, 0.116820, 0.000000
0.603039, 0.254623, 0.000000
0.666803, 0.385141, 0.000000
0.680768, 0.084049, 0.000000
0.682291, 0.231269, 0.000000
0.619692, 0.271750, 0.000000
0.753751, 0.132303, 0.000000
0.752631, 0.127717, 0.000000
0.621388, 0.124670, 0.000000
0.743792, 0.147019, 0.000000
0.610430, 0.158075, 0.000000
0.747348, 0.071855, 0.000000
0.779400, 0.221275, 0.000000
0.776629, 0.359335, 0.000000
0.746196, 0.009012, 0.000000
0.773341, 0.155621, 0.000000
0.662916, 0.352760, 0.000000
0.605122, 0.259439, 0.000000
0.768950, 0.171780, 0.000000
0.771744, 0.102484, 0.000000
0.601524, 0.382873, 0.000000
0.787117, 0.310552, 0.000000
0.657588, 0.279497, 0.000000
0.619134, 0.157952, 0.000000
0.602083, 0.325852, 0.000000
0.752485, 0.025027, 0.000000
0.641964, 0.199667, 0.000000
0.648441, 0.042726, 0.000000
0.610471, 0.050141, 0.000000
0.601031, 0.313335, 0.000000
0.629576, 0.348743, 0.000000
0.634478, 0.184985, 0.000000
0.750752, 0.079200, 0.000000
0.622212, 1.839404, 1.000000
0.725490, 1.987913, 1.000000
0.770944, 1.854028, 1.000000
0.785393, 1.916121, 1.000000
0.682290, 1.685963, 1.000000
0.697809, 1.802849, 1.000000
0.721958, 1.799785, 1.000000
0.664350, 1.748886, 1.000000
0.712406, 1.812628, 1.000000
0.774277, 1.921694, 1.000000
0.727677, 1.969496, 1.000000
0.785917, 1.857415, 1.000000
0.741415, 1.630987, 1.000000
0.703079, 1.951787, 1.000000
0.707986, 1.707661, 1.000000
0.615493, 1.860397, 1.000000
0.773533, 1.881966, 1.000000
0.724155, 1.888953, 1.000000
0.667997, 1.819097, 1.000000
0.702537, 1.900574, 1.000000
0.752530, 1.600692, 1.000000
0.651711, 1.748975, 1.000000
0.700239, 1.832123, 1.000000
0.748931, 1.625289, 1.000000
0.622375, 1.846415, 1.000000
0.773491, 1.900105, 1.000000
0.707955, 1.918816, 1.000000
0.678760, 1.698741, 1.000000
0.774902, 1.963679, 1.000000
0.625264, 1.765776, 1.000000
0.635670, 1.681514, 1.000000
0.613087, 1.618405, 1.000000
0.781740, 1.874483, 1.000000
0.753679, 1.699474, 1.000000
0.646790, 1.712432, 1.000000
0.600024, 1.998639, 1.000000
0.656562, 1.703470, 1.000000
0.673807, 1.913601, 1.000000
0.767797, 1.645476, 1.000000
0.769445, 1.980344, 1.000000
0.745945, 1.885872, 1.000000
0.740224, 1.707800, 1.000000
0.702344, 1.637969, 1.000000
0.703270, 1.754492, 1.000000
0.600824, 1.857068, 1.000000
0.760134, 1.672988, 1.000000
0.769291, 1.946441, 1.000000
0.645697, 1.902061, 1.000000
0.710462, 1.998751, 1.000000
0.600767, 1.914504, 1.000000
0.655591, 1.601582, 1.000000
0.756572, 1.824307, 1.000000
0.652526, 1.660757, 1.000000
0.668954, 1.640645, 1.000000
0.653117, 1.676798, 1.000000
0.610494, 1.998123, 1.000000
0.781335, 1.901437, 1.000000
0.652962, 1.767359, 1.000000
0.769703, 1.912464, 1.000000
0.760925, 1.941055, 1.000000
0.684766, 1.842119, 1.000000
0.607021, 1.708114, 1.000000
0.694280, 1.705436, 1.000000
0.605087, 1.609483, 1.000000
0.652093, 1.611709, 1.000000
0.761994, 1.815370, 1.000000
0.606646, 1.837130, 1.000000
0.619838, 1.718343, 1.000000
0.748944, 1.777585, 1.000000
0.679494, 1.604121, 1.000000
0.727192, 1.779976, 1.000000
0.601122, 1.817054, 1.000000
0.640707, 1.708167, 1.000000
0.792207, 1.620820, 1.000000
0.610316, 1.906264, 1.000000
1.380937, 0.190163, 0.000000
1.274191, 0.375917, 0.000000
1.349138, 0.336942, 0.000000
1.240676, 0.308452, 0.000000
1.373213, 0.185539, 0.000000
1.360081, 0.270413, 0.000000
1.200454, 0.333452, 0.000000
1.253771, 0.040586, 0.000000
1.225898, 0.005430, 0.000000
1.309085, 0.210782, 0.000000
1.204776, 0.072555, 0.000000
1.395379, 0.011795, 0.000000
1.344804, 0.072171, 0.000000
1.259981, 0.274022, 0.000000
1.246495, 0.140593, 0.000000
1.290143, 0.054865, 0.000000
1.365378, 0.328668, 0.000000
1.215391, 0.229033, 0.000000
1.332805, 0.112134, 0.000000
1.268743, 0.212035, 0.000000
1.348837, 0.057646, 0.000000
1.241224, 0.298583, 0.000000
1.395549, 0.189991, 0.000000
1.369584, 0.042894, 0.000000
1.297711, 0.157339, 0.000000
1.326838, 0.204972, 0.000000
1.314947, 0.244434, 0.000000
1.308383, 0.119502, 0.000000
1.358302, 0.336729, 0.000000
1.396762, 0.009595, 0.000000
1.238661, 0.173810, 0.000000
1.232230, 0.008078, 0.000000
1.251239, 0.095242, 0.000000
1.318556, 0.368087, 0.000000
1.303688, 0.374597, 0.000000
1.290061, 0.105050, 0.000000
1.216122, 0.262570, 0.000000
1.201816, 0.023342, 0.000000
1.226280, 0.342801, 0.000000
1.233118, 0.247982, 0.000000
1.250070, 0.319912, 0.000000
1.226477, 0.330033, 0.000000
1.282173, 0.269721, 0.000000
1.224768, 0.080951, 0.000000
1.303225, 0.043059, 0.000000
1.245273, 0.283772, 0.000000
1.308434, 0.155006, 0.000000
1.345925, 0.319347, 0.000000
1.325124, 0.128962, 0.000000
1.343717, 0.057625, 0.000000
1.251780, 0.067556, 0.000000
1.281338, 0.135803, 0.000000
1.365063, 0.166308, 0.000000
1.279573, 0.382688, 0.000000
1.254555, 0.225381, 0.000000
1.315335, 0.209249, 0.000000
1.272647, 0.283623, 0.000000
1.269641, 0.309639, 0.000000
1.276672, 0.188818, 0.000000
1.395295, 0.359794, 0.000000
1.315939, 0.081136, 0.000000
1.321783, 0.048746, 0.000000
1.318071, 0.135416, 0.000000
1.384046, 0.086391, 0.000000
1.332189, 0.255527, 0.000000
1.272008, 0.367937, 0.000000
1.361542, 0.306691, 0.000000
1.251870, 0.253210, 0.000000
1.236500, 0.262885, 0.000000
1.317949, 0.182108, 0.000000
1.244133, 0.066567, 0.000000
1.395679, 0.233560, 0.000000
1.375095, 0.130639, 0.000000
1.271600, 0.103534, 0.000000
1.359729, 0.133789, 0.000000
1.231664, 1.751334, 2.000000
1.307463, 1.906893, 2.000000
1.300040, 1.651067, 2.000000
1.221155, 1.768173, 2.000000
1.268729, 1.906687, 2.000000
1.211850, 1.881474, 2.000000
1.337312, 1.946783, 2.000000
1.294082, 1.978364, 2.000000
1.299996, 1.861164, 2.000000
1.320625, 1.635890, 2.000000
1.221636, 1.929516, 2.000000
1.251228, 1.634629, 2.000000
1.281538, 1.652646, 2.000000
1.282634, 1.906275, 2.000000
1.278090, 1.684726, 2.000000
1.220032, 1.819508, 2.000000
1.318030, 1.854990, 2.000000
1.263201, 1.636141, 2.000000
1.353029, 1.768711, 2.000000
1.302157, 1.643515, 2.000000
1.237699, 1.828013, 2.000000
1.362494, 1.950022, 2.000000
1.287398, 1.713153, 2.000000
1.364193, 1.974788, 2.000000
1.387159, 1.769635, 2.000000
1.205339, 1.617590, 2.000000
1.249575, 1.713135, 2.000000
1.226110, 1.862227, 2.000000
1.282890, 1.817488, 2.000000
1.284251, 1.921961, 2.000000
1.351107, 1.808567, 2.000000
1.270735, 1.738274, 2.000000
1.231778, 1.867871, 2.000000
1.287207, 1.969614, 2.000000
1.218291, 1.978729, 2.000000
1.206565, 1.711980, 2.000000
1.303371, 1.938118, 2.000000
1.231001, 1.981538, 2.000000
1.225636, 1.990387, 2.000000
1.378163, 1.625589, 2.000000
1.280011, 1.967005, 2.000000
1.221589, 1.859173, 2.000000
1.240070, 1.695398, 2.000000
1.260700, 1.845920, 2.000000
1.356443, 1.889902, 2.000000
1.283941, 1.815100, 2.000000
1.249235, 1.909350, 2.000000
1.376687, 1.762026, 2.000000
1.288611, 1.727789, 2.000000
1.265820, 1.813803, 2.000000
1.253259, 1.744769, 2.000000
1.362891, 1.913260, 2.000000
1.241444, 1.987784, 2.000000
1.347399, 1.734158, 2.000000
1.389086, 1.851124, 2.000000
1.279874, 1.738194, 2.000000
1.309064, 1.802926, 2.000000
1.398684, 1.898268, 2.000000
1.349162, 1.718768, 2.000000
1.272094, 1.811209, 2.000000
1.204335, 1.912069, 2.000000
1.213154, 1.707139, 2.000000
1.310710, 1.979683, 2.000000
1.334583, 1.998641, 2.000000
1.253736, 1.600806, 2.000000
1.306222, 1.813990, 2.000000
1.272787, 1.738226, 2.000000
1.263625, 1.828462, 2.000000
1.263005, 1.622047, 2.000000
1.381310, 1.704182, 2.000000
1.336585, 1.722367, 2.000000
1.321188, 1.691299, 2.000000
1.362646, 1.839743, 2.000000
1.394783, 1.823616, 2.000000
1.379255, 1.733754, 2.000000
0.174127, 1.835902, 1.000000
0.229116, 0.305671, 0.000000
0.371599, 1.336213, 1.000000
0.204085, 1.717426, 1.000000
1.329416, 0.741444, 0.000000
1.721453, 0.391635, 0.000000
1.811391, 0.449326, 0.000000
1.082766, 0.447636, 0.000000
1.591635, 1.712818, 2.000000
0.557869, 1.404735, 1.000000
0.233728, 1.923722, 1.000000
0.016571, 1.445607, 1.000000
0.380217, 1.643036, 1.000000
0.644322, 0.328050, 0.000000
0.761118, 0.436875, 0.000000
0.996822, 0.935245, 0.000000
0.272777, 1.225938, 1.000000
1.240916, 0.644376, 0.000000
0.562151, 1.445001, 1.000000
0.361802, 1.891568, 1.000000
0.186444, 0.083256, 0.000000
0.283203, 1.997836, 1.000000
0.532582, 1.365969, 1.000000
0.445472, 0.124217, 0.000000
1.078787, 1.003341, 0.000000
1.528951, 1.312515, 2.000000
0.927063, 1.545523, 1.000000
0.758122, 1.307280, 1.000000
1.188559, 1.402444, 2.000000
1.635329, 1.949678, 2.000000
1.839318, 0.632151, 0.000000
0.884923, 0.112095, 0.000000
1.858090, 0.125839, 0.000000
0.756471, 0.420241, 0.000000
1.570839, 1.118273, 2.000000
0.311809, 1.757284, 1.000000
1.201529, 0.595012, 0.000000
1.755119, 1.734111, 2.000000
1.960981, 0.200591, 0.000000
1.858328, 1.039768, 2.000000
1.203933, 1.387279, 2.000000
0.352283, 0.130996, 0.000000
0.932802, 1.110405, 0.000000
1.438275, 0.121361, 0.000000
0.512848, 1.073605, 1.000000
0.071039, 0.352166, 0.000000
1.705756, 0.955962, 2.000000
0.464261, 1.563846, 1.000000
1.081801, 1.220732, 2.000000
1.984087, 0.652640, 0.000000
0.339006, 0.295896, 0.000000
0.409924, 1.540535, 1.000000
0.890908, 0.165044, 0.000000
1.274646, 0.851888, 0.000000
0.365635, 1.132974, 1.000000
1.891657, 1.569568, 2.000000
0.520253, 0.243940, 0.000000
1.700563, 1.453056, 2.000000
1.354345, 1.138839, 2.000000
1.574417, 1.867193, 2.000000
0.212443, 1.645456, 1.000000
0.219359, 1.918199, 1.000000
0.601418, 0.683621, 0.000000
1.482045, 1.683219, 2.000000
1.904353, 1.466132, 2.000000
0.335859, 0.243359, 0.000000
1.762028, 0.745783, 0.000000
1.783894, 0.652935, 0.000000
0.910827, 1.058540, 0.000000
1.504824, 1.276462, 2.000000
0.191514, 1.396480, 1.000000
0.846030, 0.711768, 0.000000
1.640420, 0.546593, 0.000000
0.164823, 0.994764, 1.000000
1.685431, 1.739240, 2.000000
0.861957, 1.897875, 1.000000
1.384696, 1.081317, 2.000000
1.816074, 1.986114, 2.000000
1.764938, 1.298119, 2.000000
1.669332, 1.669291, 2.000000
0.764251, 0.005191, 0.000000
1.912650, 0.526278, 0.000000
0.750975, 1.696544, 1.000000
1.179214, 1.661802, 2.000000
0.755085, 0.684037, 0.000000
0.938263, 0.946599, 0.000000
0.080517, 1.784293, 1.000000
1.658367, 1.720937, 2.000000
0.330886, 1.823190, 1.000000
0.715701, 0.016317, 0.000000
1.562430, 1.577659, 2.000000
1.914192, 0.947125, 2.000000
0.658976, 1.730266, 1.000000
0.933239, 0.423913, 0.000000
1.028385, 0.602572, 0.000000
0.093204, 1.792635, 1.000000
0.607763, 0.005855, 0.000000
0.318914, 1.358738, 1.000000
1.702399, 1.498127, 2.000000
1.020539, 0.457483, 0.000000
0.182165, 1.958803, 1.000000
1.404082, 0.262682, 0.000000
1.743096, 1.062449, 2.000000
1.983619, 0.073982, 0.000000
0.885638, 0.699320, 0.000000
0.090299, 0.448068, 0.000000
0.276979, 0.004491, 0.000000
1.395193, 0.935955, 0.000000
1.734756, 0.328432, 0.000000
1.359868, 0.763141, 0.000000
0.931004, 1.453073, 1.000000
0.555776, 1.538767, 1.000000
1.458927, 0.874690, 0.000000
0.897505, 1.161326, 1.000000
0.372817, 1.918044, 1.000000
1.618809, 0.554982, 0.000000
1.876847, 1.022891, 2.000000
0.817664, 1.619942, 1.000000
0.085340, 0.801283, 1.000000
1.693924, 0.970978, 2.000000
1.500603, 1.784223, 2.000000
1.419046, 1.777582, 2.000000
1.788713, 0.814240, 2.000000
0.713537, 1.523470, 1.000000
1.142672, 0.073405, 0.000000
0.286611, 0.073676, 0.000000
1.526478, 0.842387, 0.000000
1.612443, 0.985405, 2.000000
1.717076, 0.509947, 0.000000
0.146731, 0.089894, 0.000000
0.427991, 1.765540, 1.000000
0.644875, 0.304838, 0.000000
0.788431, 1.462539, 1.000000
1.924780, 0.873771, 2.000000
0.263821, 1.618704, 1.000000
1.844750, 1.764424, 2.000000
1.402927, 1.263796, 2.000000
1.542006, 1.191640, 2.000000
0.078035, 0.255543, 0.000000
0.715110, 1.220707, 1.000000
0.328948, 1.001720, 1.000000
1.294383, 1.855426, 2.000000
1.844107, 0.906826, 2.000000
0.840831, 1.561183, 1.000000
1.416773, 0.987562, 2.000000
1.651077, 1.844765, 2.000000
0.753102, 0.295952, 0.000000
0.149602, 1.541533, 1.000000
1.758491, 0.074383, 0.000000
0.415304, 0.022312, 0.000000
