2603.307880560028
2619.0845453352504
2623.5826151082974
2622.1328632452364
2618.7597697864444
2614.4962489516865
2608.36864459166
2598.0735358610527
2584.392420364313
2570.360474512016
2558.0808472746003
2548.077514778024
2540.0421681011053
2533.4411131527822
2527.780669704435
2522.684629173816
2517.8812526720494
2513.1554396206493
2508.327718474063
2503.2866517923767
2498.0156603345736
2492.5678196168947
2487.0172517518436
2481.4236949388287
2475.81980912567
2470.215211850221
2464.60777214335
2458.994262182017
2453.3753997923336
2447.7543339387257
2442.132062451415
2436.5047966129787
2430.8654081128257
2425.2072217116383
2419.5271854064563
2413.826759189416
2408.1106912067376
2402.385052266746
2396.6567605041887
2390.9376407448885
2385.25409738777
2379.6535470220683
2374.1916117119913
2368.906123073681
2363.806133148231
2358.880070963526
2354.1046807218277
2349.447989976678
2344.8716913435564
2340.3365765224517
2335.808601026519
2331.260718444026
2326.6685216841333
2322.001627457692
2317.213696992314
2312.2348839247497
2306.9807888713985
2301.41752375145
2295.6902481514576
2290.105859939362
2284.8530464510177
2279.89565849368
2275.1294943844973
2270.4867733608107
2265.941715464602
2261.491810433385
2257.144143509007
2252.9084269931695
2248.793825077959
2244.8075727062046
2240.954435399653
2237.236601249618
2233.6538215180803
2230.2037000294167
2226.88206397618
2223.683365532609
2220.6010761620646
2217.628046570936
2214.7568153132374
2211.979857932751
2209.2897760123506
2206.679431400925
2204.1420351254555
2201.6712030983354
2199.260991806931
2196.905926818885
2194.6010350888982
2192.3418883712056
2190.1246589862626
2187.9461805074625
2185.803995643042
2183.6963650885405
2181.6222102849324
2179.5809756926856
2177.5724227782157
2175.5963981935124
2173.6526339665784
2171.740624550069
2169.8595915544206
2168.008516294627
2166.1862105273826
2164.3914026879443
2162.6228260052885
2160.8792990287707
2159.159790654689
2157.4634642129886
2155.789698948047
2154.1380908355973
2152.508436976764
2150.9007086261313
2149.3150176608715
2147.75158050375
2146.2106825566184
2144.692645292527
2143.1977973790767
2141.7264505809817
2140.278880705926
2138.8553134971226
2137.4559151191374
2136.0807867132357
2134.7299623994068
2133.403410059467
2132.10103423821
2130.822680537739
2129.5681409456606
2128.3371596256206
2127.1294388019796
2125.944644483035
2124.7824118796616
2123.6423504779073
2122.5240488006925
2121.4270789359466
2120.3510009084403
2119.2953669365797
2118.259725555527
2117.2436255271955
2116.2466194152667
2115.268266693819
2114.3081362818475
2113.365808444854
2112.4408760614633
2111.5329453057184
2110.641635832016
2109.7665805684323
2108.9074252260602
2108.063827622243
2107.235456899191
2106.421992701326
2105.623124356698
2104.838550093214
2104.0679763080716
2103.311116900383
2102.5676926702704
2101.8374307840445
2101.120064302444
2100.4153317676023
2099.7229768438583
2099.0427480075346
2098.3743982807046
2097.7176850045803
2097.072369648279
2096.438217649003
2095.8149982802424
2095.202484544509
2094.600453087492
2094.0086841308243
2093.4269614206746
2092.8550721896054
2092.2928071294505
2091.7399603729014
2091.1963294820735
2090.661715442157
2090.13592265885
2089.618758958205
2089.110035587878
2088.60956721915
2088.1171719487793
2087.6326713005433
2087.155890226136
2086.6866571050637
2086.2248037436434
2085.7701653730383
2085.322580646232
2084.881891634109
2084.4479438205394
2084.0205860964347
2083.5996707528034
2083.1850534725922
2082.776593321234
2082.3741527356424
2081.9775975114194
2081.5867967879663
2081.20162303129
2080.8219520139423
2080.447662791916
2080.0786376781402
2079.714762212101
2079.3559251254082
2079.0020183028746
2078.6529367389935
2078.308578489468
2077.9688446177443
2077.633639136308
2077.3028689428766
2076.9764437512736
2076.6542760172983
2076.336280859526
2076.022375975334
2075.712481552356
2075.4065201757626
2075.104416731508
2074.8060983061823
2074.511494083793
2074.220535239922
2073.9331548338077
2073.6492876991015
2073.368870333508
2073.091840788442
2072.818138558993
2072.5477044751765
2072.2804805952624
2072.0164101018345
2071.7554372017285
2071.497507030583
2071.242565563042
2070.990559529521
2070.741436340515
2070.495144019399
2070.2516311443974
2070.0108468007597
2069.7727405433548
2069.537262370492
2069.304362708943
2069.0739924102986
2068.8461027584276
2068.620645487452
2068.397572809659
2068.1768374523076
2067.958392702179
2067.7421924565074
2067.5281912789847
2067.316344459022
2067.10660807293
2066.898939045448
2066.6932952098455
2066.489635365659
2066.2879193323884
2066.08810799829
2065.8901633633554
2065.694048575615
2065.4997279604368
2065.3071670422178
2065.1163325586476
2064.9271924671657
2064.7397159440757
2064.5538733764024
2064.3696363469776
2064.186977613295
2064.0058710806074
2063.8262917699813
2063.6482157820847
2063.4716202573322
2063.2964833332026
2063.1227840995043
2062.950502552289
2062.7796195471237
2062.610116752431
2062.441976603446
2062.2751822573327
2062.1097175498994
2061.9455669543445
2061.7827155422183
2061.6211489469215
2061.4608533297483
2061.301815348639
2061.1440221295716
2060.9874612406206
2060.8321206685014
2060.677988797533
2060.525054390895
2060.3733065739907
2060.2227348198116
2060.0733289361106
2059.9250790542865
2059.7779756198224
2059.6320093842087
2059.4871713981893
2059.3434530063046
2059.2008458426512
2059.0593418278218
2058.918933166873
2058.7796123484427
2058.6413721448607
2058.504205613297
2058.368106097819
2058.2330672324965
2058.0990829453553
2057.966147463204
2057.834255317395
2057.7034013503735
2057.5735807229466
2057.444788922426
2057.317021771355
2057.1902754369917
2057.0645464413014
2056.93983167157
2056.8161283914574
2056.6934342523455
2056.5717473049353
2056.4510660109027
2056.3313892541673
2056.2127163516657
2056.0950470628964
2055.9783815977808
2055.862720621789
2055.7480652573627
2055.6344170800353
2055.5217781077235
2055.4101507805613
2055.2995379291115
2055.1899427274134
2055.0813686276156
2054.9738192720847
2054.867298379069
2054.761809597777
2054.6573563294014
2054.553941511576
2054.451567365434
2054.3502351068996
2054.2499446270904
2054.150694150801
2054.052479886207
2053.955295683787
2053.8591327255617
2053.763979268938
2053.669820468622
2053.57663829813
2053.4844115863916
2053.39311617643
2053.302725203429
2053.213209478713
2053.124537957164
2053.036678259124
2052.9495972148225
2052.863261400496
2052.7776376391685
2052.692693445863
2052.6083974040725
2052.5247194676917
2052.4416311887944
2052.3591058760558
2052.2771186918144
2052.1956466970832
2052.1146688539557
2052.0341659946375
2051.954120764725
2051.8745175476092
2051.7953423751046
2051.716582828531
2051.638227933486
2051.560268050158
2051.4826947613897
2051.4055007592488
2051.328679731135
2051.252226246145
2051.1761356421794
2051.1004039143945
2051.025027605548
2050.950003698868
2050.875329514195
2050.801002608231
2050.727020679824
2050.653381481422
2050.5800827377443
2050.507122072911
2050.434496947263
2050.362204604927
2050.290242033159
2050.2186059342494
2050.147292710526
2050.0762984624625
2050.005618999754
2049.9352498644744
2049.8651863651485
2049.795423620057
2049.725956607745
2049.656780222395
2049.5878893316863
2049.5192788345034
2049.4509437164716
2049.382879100959
2049.3150802941905
2049.2475428230973
2049.180262465321
2049.11323527115
2049.0464575775536
2048.979926014978
2048.9136375076696
2048.8475892685187
2048.7817787896224
2048.716203829364
2048.650862397259
2048.5857527372355
2048.5208733101995
2048.4562227763777
2048.3917999778573
2048.327603921785
2048.2636337642207
2048.199888794852
2048.136368422575
2048.0730721620457
2048.0099996209688
2047.947150488138
2047.8845245222685
2047.8221215413473
2047.7599414125498
2047.6979840426977
2047.6362493690317
2047.57473735051
2047.513447959333
2047.452381172918
2047.391536966158
2047.3309153040536
2047.2705161346596
2047.2103393824866
2047.1503849422397
2047.0906526730648
2047.0311423931867
2046.9718538751483
2046.9127868415565
2046.8539409613943
2046.795315846978
2046.7369110515344
2046.6787260675133
2046.6207603254156
2046.5630131935184
2046.5054839781656
2046.4481719247954
2046.3910762196274
2046.3341959920608
2046.2775303176813
2046.22107822189
2046.1648386841796
2046.1088106428576
2046.0529930004113
2045.9973846292621
2045.941984378101
2045.886791078488
2045.8318035520163
2045.7770206177358
2045.72244110005
2045.6680638368978
2045.61388768834
2045.5599115454986
2045.5061343398834
2045.4525550530834
2045.3991727269015
2045.3459864738572
2045.2929954881565
2045.240199057071
2045.1875965727202
2045.1351875442672
2045.0829716104884
2045.0309485525474
2044.9791183070133
2044.9274809789622
2044.8760368547703
2044.8247864148138
2044.7737303452693
2044.7228695490885
2044.6722051554102
2044.6217385271318
2044.5714712657684
2044.5214052130384
2044.471542448197
2044.421885279922
2044.372436231788
2044.3231980194626
2044.2741735181785
2044.2253657181375
2044.1767776655615
2044.1284123864907
2044.0802727899782
2044.0323615468722
2043.9846809398189
2043.9372326795276
2043.890017682001
2043.843035800682
2043.7962855077214
2043.74976351819
2043.7034643519476
2043.6573798288937
2043.611498495703
2043.5658049850508
2043.520279314081
2043.474896135201
2043.4296239624932
2043.3844244099814
2043.3392514950017
2043.294051082055
2043.2487605710983
2043.2033089718798
2043.157617558245
2043.1116013764422
2043.0651720162384
2043.0182422921487
2042.9707338994185
2042.9225897513531
2042.87379336548
2042.8243971293446
2042.7745554989624
2042.7245387524208
2042.6746570481118
2042.624979080663
2042.574846249985
2042.522697214549
2042.467057623908
2042.4081584608773
2042.3480903260322
2042.2892353119773
2042.2329927118237
2042.1797727405515
2042.1294283243699
2042.081522567839
2042.0355053388841
2041.9908721455613
2041.9472721242275
2041.9045404061742
2041.8626636672775
2041.8217043889472
2041.7817145488727
2041.7426690220327
2041.7044386294485
2041.6668022735691
2041.62948074869
2041.5921732986171
2041.5545868248503
2041.5164558599483
2041.477555041269
2041.4377064627738
2041.3967839274426
2041.3547155854344
2041.3114858015242
2041.2671362579756
2041.2217653229727
2041.1755239234885
2041.1286060846057
2041.0812334008776
2041.0336349283425
2040.9860263945059
2040.9385937224595
2040.8914846597004
2040.8448092666824
2040.7986468952774
2040.7530557257012
2040.708081338453
2040.6637623656632
2040.6201328857217
2040.5772222480136
2040.5350533769727
2040.4936405427634
2040.4529873452282
2040.4130853846343
2040.3739138469866
2040.3354400316036
2040.2976207045444
2040.2604040774816
2040.223732183868
2040.187543438282
2040.1517751971242
2040.1163661720495
2040.0812585710794
2040.0463998620605
2040.0117440790136
2039.9772526305753
2039.942894620836
2039.9086467451627
2039.8744928646286
2039.8404233839933
2039.80643455596
2039.7725278145315
2039.7387092070448
2039.7049889557284
2039.6713811378754
2039.637903432299
2039.6045768395682
2039.5714252489622
2039.5384747045248
2039.5057522304664
2039.4732841326945
2039.441093813115
2039.4091993198595
2039.3776110738506
2039.3463303864316
2039.3153494018911
2039.284652857937
2039.2542215106012
2039.2240363010526
2039.194081584266
2039.164345361892
2039.1348148327586
2039.105466964877
2039.07625620467
2039.047104231308
2039.0178979795726
2038.9884996146056
2038.9587657756497
2038.9285677459263
2038.8978043424042
2038.8664046395938
2038.8343231720758
2038.8015324044063
2038.76801546014
2038.7337609417043
2038.698782241634
2038.663295136344
2038.6284261160704
2038.597662922009
2038.5784356232848
2038.5808385826701
2038.5535227770404
2038.537792681842
2038.3852903772795
2038.3443928306933
2038.2979159330978
2038.2740839052105
2038.250926713081
2038.2271786182073
2038.1858800325174
2038.0677998637666
2037.86919932103
2038.0869927103338
2038.0046487604518
2037.8916513987333
2037.9682329120894
2037.8612538547197
2037.8841611636171
2037.6283562432702
2037.8294028670505
2037.7784195913441
2037.7599083848245
2037.7396172911203
2037.7120189816715
2037.6789461889703
2037.6427993060915
2037.6054621306282
2037.56803414773
2037.5311511400578
2037.4952433063443
2037.4606077265396
2037.4274310588512
2037.3958020076723
2037.3657253100225
2037.3371424380662
2037.3099516247407
2037.284018299452
2037.2591732913015
2037.2352066776527
2037.21188207512
2037.1890146624396
2037.166640071517
2037.1451854722795
2037.1253613673443
2037.1075376934484
2037.0909149550205
2037.0730940266585
2037.0500875760483
2037.0165438693887
2036.9684543080164
2036.9142237187896
2036.8723366622237
2036.842150705583
2036.817620417466
2036.79959341621
2036.7861274817085
2036.7778710803711
2036.775797209387
2036.7877711030164
2036.6586717894847
2036.4362008865714
2036.652987230523
2036.5619885474694
2036.5051291952113
2036.451614144887
2036.4241630181903
2036.251042850781
2036.2759123858466
2036.291536113639
2036.3807741408827
2036.1007584350423
2036.2486959846615
2036.2868126502697
2036.328734595519
2036.4205947812648
2036.4181093050447
2036.0964261522097
2035.846612365504
2035.8493476710335
2036.5723706641797
2036.1457833599532
2035.8516982364754
2035.9028521256039
2035.884836224431
2035.83847820029
2035.7156107235298
2035.7625531891545
2035.7644137444495
