2550.61810951702
2573.2208893869565
2574.028984405769
2578.550395290409
2584.3165878929976
2589.8246755801424
2594.4580241463154
2598.063171190778
2600.7074636415596
2602.5410704061933
2603.7263342878664
2604.4079182177557
2604.7043582097463
2604.709103731345
2604.4947712022395
2604.117756371058
2603.6221470564033
2603.042712316591
2602.4070751588815
2601.7372677396506
2601.050858675881
2600.361798598488
2599.6810827472254
2599.0172904206497
2598.3770337414676
2597.7653313925252
2597.1859136491544
2596.6414594932903
2596.133761150128
2595.6638020537243
2595.2317151949965
2594.836548769972
2594.4756815801406
2594.1435575902706
2593.829094169597
2593.5107442336657
2593.148584049934
2592.6765737529363
2592.006932043212
2591.058974845364
2589.7957108979454
2588.231532989705
2586.4123311086923
2584.3976852453143
2582.2555214038375
2580.063076158892
2577.908563080623
2575.8910585073395
2574.1146616790243
2572.6655297551983
2571.5565213100263
2570.661565949234
2569.7338737963546
2568.532357290183
2566.9144681480866
2564.832172232801
2562.302186121997
2559.3885602532346
2556.187820482574
2552.8098120622963
2549.3592134732385
2545.923489224415
2542.5683678009987
2539.338642029113
2536.261526798267
2533.350634221866
2530.6096092557723
2528.035129425189
2525.619288001642
2523.3514702591137
2521.2198148208654
2519.212305807899
2517.3175096068544
2515.5249682630388
2513.825285544116
2512.209975432222
2510.671167919366
2509.2012721597857
2507.7926816455847
2506.437577609969
2505.1278551795467
2503.8551693984755
2502.611078673749
2501.387251878023
2500.175701254294
2498.96900504218
2497.760490069236
2496.544354011256
2495.3157179679097
2494.0706106243397
2492.8058939541515
2491.5191460835704
2490.2085192414697
2488.8725900352642
2487.510216466536
2486.1204121607757
2484.7022441657723
2483.254757051527
2481.776923284402
2480.267618031968
2478.725615564833
2477.1496040269567
2475.538215291209
2473.8900666814448
2472.2038113782914
2470.47819427697
2468.7121099570268
2466.9046593383687
2465.0552016426627
2463.163398540748
2461.229247890822
2459.2531052385043
2457.2356921874707
2455.17809174665
2453.081731697302
2450.9483577972137
2448.7799991798624
2446.5789285856063
2444.347620091266
2442.088706823475
2439.804940808159
2437.4991566832527
2435.1742405427326
2432.833104728823
2430.4786689770094
2428.113847959329
2425.741544964848
2423.364651195475
2420.986049919011
2418.6086244891885
2416.2352689833083
2413.8688998888997
2411.5124668528492
2409.1689599421948
2406.8414101022418
2404.532878462304
2402.2464287249722
2399.985074871082
2397.751693361236
2395.5488839264044
2393.378754003045
2391.2425859640816
2389.140321304531
2387.0697676541367
2385.0254360018685
2382.9970388387137
2380.968076918452
2378.9156471919555
2376.813060242596
2374.635800077153
2372.36855313365
2370.0092494149576
2367.56801277473
2365.0625463653196
2362.5129644482304
2359.938064982308
2357.353476833242
2354.771230759787
2352.2001179698655
2349.6463466147306
2347.114213652462
2344.6066676667238
2342.1257311109275
2339.6727942914476
2337.2488081916235
2334.8544037141473
2332.489959877812
2330.1556374377906
2327.8513892432393
2325.576955027816
2323.331846291125
2321.1153262762773
2318.926390444764
2316.7637537477117
2314.6258515515774
2312.5108601795932
2310.4167396551607
2308.341295155766
2306.282246164872
2304.2372859561942
2302.2041114980134
2300.1804061802236
2298.1637642537557
2296.15155589257
2294.140746883324
2292.1277111928443
2290.1081120590507
2288.0769744165245
2286.0291034672687
2283.9599609686124
2281.86691957078
2279.750495010081
2277.6149359109454
2275.467748054753
2273.318319524182
2271.1762923496285
2269.050284301928
2266.9471763928073
2264.8718836447656
2262.827465175806
2260.8154571332425
2258.836313336192
2256.889837316552
2254.975524421081
2253.092787356615
2251.241079977406
2249.4199504269513
2247.6290531021273
2245.868140232633
2244.1370450698114
2242.4356622701093
2240.763927133275
2239.121793206666
2237.509206659436
2235.9260752449054
2234.372229313233
2232.8473720920983
2231.35101634751
2229.8824047217317
2228.4404118190623
2227.0234279301826
2225.6292277683615
2224.2548334212115
2222.896389389708
2221.549078839521
2220.207122173027
2218.8639072879837
2217.5122979811963
2216.145143936335
2214.755966989699
2213.339729530008
2211.89352542562
2210.417009276429
2208.9124268877267
2207.384224309095
2205.8383453163747
2204.2814115308784
2202.7199789738083
2201.159995706663
2199.606495506266
2198.0634947556987
2196.534029546982
2195.020270189341
2193.5236656228763
2192.0450882611162
2190.5849642868966
2189.143383906348
2187.7201913227273
2186.315056616671
2184.927532502377
2183.5570988802037
2182.2031977014776
2180.8652601583453
2179.542727734254
2178.23506825434
2176.9417877741203
2175.66243893561
2174.3966262877316
2173.144008994498
2171.904301319724
2170.6772712641214
2169.4627377246625
2168.260566536512
2167.070665739003
2165.8929803767114
2164.7274871059453
2163.5741888287334
2162.433109525828
2161.3042894098107
2160.1877804748574
2159.083642481715
2157.9919393870555
2156.912736205706
2155.8460962815857
2154.7920789365403
2153.750737464976
2152.722117443987
2151.706255331655
2150.703177330362
2149.7128984949204
2148.7354220678967
2147.7707390254354
2146.8188278176935
2145.879654286686
2144.953171744205
2144.039321191302
2143.138031660015
2142.2492206586317
2141.372794701383
2140.508649905297
2139.6566726377405
2138.8167402004665
2137.988721537293
2137.172477954766
2136.367863846521
2135.5747274136334
2134.7929113746495
2134.0222536595516
2133.2625880834184
2132.513744995598
2131.7755519015104
2131.0478340541313
2130.3304150132794
2129.6231171710606
2128.925762242514
2128.238171720699
2127.560167296349
2126.89157124222
2126.2322067629543
2125.5818983114364
2124.9404718728047
2124.307755217823
2123.683578127128
2123.067772588182
2122.4601729666656
2121.860616154336
2121.2689416950107
2120.68499189062
2120.108611888956
2119.5396497548786
2118.977956526468
2118.423386257726
2117.875796048934
2117.3350460663537
2116.8009995519997
2116.273522824825
2115.752485274278
2115.2377593469587
2114.7292205272724
2114.2267473128645
2113.730221185319
2113.239526576805
2112.7545508331395
2112.2751841737418
2111.801319648892
2111.3328530945705
2110.8696830853496
2110.411710885407
2109.958840398155
2109.51097811438
2109.0680330594605
2108.629916739535
2108.1965430868413
2107.7678284044205
2107.343691310336
2106.924052681249
2106.5088355957982
2106.0979652776364
2105.691369038242
2105.2889762196037
2104.8907181368695
2104.4965280209303
2104.1063409611234
2103.720093848019
2103.337725316392
2102.959175688454
2102.5843869174105
2102.213302531313
2101.8458675774627
2101.482028567266
2101.1217334216635
2100.76493141728
2100.4115731332113
2100.0616103987636
2099.714996241885
2099.3716848387307
2099.0316314642027
2098.6947924435867
2098.3611251054003
2098.0305877354804
2097.703139532443
2097.3787405645057
2097.0573517276916
2096.7389347056987
2096.423451931167
2096.1108665486336
2095.8011423790485
2095.4942438860276
2095.1901361436826
2094.8887848062814
2094.590156079422
2094.294216693043
2094.0009338760865
2093.7102753327235
2093.422209220363
2093.1367041291255
2092.8537290630115
2092.573253422462
2092.295246988466
2092.0196799080745
2091.746522681213
2091.475746148843
2091.207321482343
2090.941220173986
2090.6774140285565
2090.4158751559735
2090.1565759648347
2089.8994891568523
2089.6445877220517
2089.3918449347434
2089.1412343501524
2088.8927298015897
2088.6463053982275
2088.401935523272
2088.159594832596
2087.9192582537394
2087.6809009851445
2087.4444984956854
2087.2100265244335
2086.9774610805234
2086.746778443202
2086.5179551619262
2086.290968056529
2086.0657942174175
2085.8424110057567
2085.620796053685
2085.4009272643593
2085.1827828121263
2084.9663411423912
2084.7515809716206
2084.538481287076
2084.32702134647
2084.1171806776138
2083.9089390777776
2083.7022766130403
2083.4971736174753
2083.2936106921843
2083.0915687042134
2082.89102878537
2082.691972330852
2082.4943809978267
2082.298236703783
2082.1035216248947
2081.9102181941516
2081.7183090994668
2081.5277772816416
2081.3386059322297
2081.1507784913124
2080.964278645217
2080.7790903241
2080.5951976995007
2080.412585181819
2080.2312374177095
2080.0511392874055
2079.8722759020457
2079.6946326009233
2079.5181949486605
2079.342948732403
2079.168879958972
2078.995974851927
2078.8242198486873
2078.6536015976235
2078.4841069550616
2078.315722982405
2078.148436943092
2077.9822362997147
2077.817108711024
2077.653042028964
2077.4900242957706
2077.328043740996
2077.167088778626
2077.007148004124
2076.848210191583
2076.6902642908594
2076.533299424693
2076.3773048859152
2076.2222701346523
2076.0681847955107
2075.915038654903
2075.762821658275
2075.6115239074525
2075.461135657989
2075.3116473165155
2075.1630494382157
2075.0153327242197
2074.8684880190876
2074.7225063083633
2074.577378716088
2074.4330965024064
2074.289651061182
2074.1470339176703
2074.0052367261756
2073.864251267838
2073.7240694483366
2073.5846832957423
2073.446084958339
2073.308266702498
2073.1712209105567
2073.034940078838
2072.899416815558
2072.764643838874
2072.630613974933
2072.497320155947
2072.3647554183212
2072.232912900795
2072.101785842641
2071.9713675818707
2071.8416515534677
2071.7126312877094
2071.584300408441
2071.456652631444
2071.329681762794
2071.2033816972917
2071.077746416841
2070.952769988964
2070.8284465652846
2070.7047703800145
2070.5817357485294
2070.4593370659445
2070.3375688056776
2070.2164255181156
2070.095901829249
2069.975992439344
2069.8566921216434
2069.7379957211097
2069.619898153155
2069.502394402404
2069.3854795215007
2069.2691486299486
2069.153396912888
2069.0382196200426
2068.9236120644773
2068.80956962164
2068.6960877281654
2068.583161880888
2068.4707876357743
2068.358960606884
2068.247676465398
2068.1369309386228
2068.026719809025
2067.917038913262
2067.8078841412635
2067.6992514353387
2067.5911367892163
2067.4835362472127
2067.3764459033523
2067.2698619004973
2067.1637804295256
2067.058197728485
2066.953110081819
2066.848513819537
2066.744405316451
2066.6407809913994
2066.5376373065014
2066.4349707664155
2066.332777917609
2066.231055347611
2066.129799684367
2066.0290075954995
2065.9286757876653
2065.8288010058463
2065.729380032738
2065.6304096880567
2065.531886827953
2065.433808344375
2065.336171164411
2065.2389722497664
2065.142208596113
2065.0458772325283
2064.949975220945
2064.85449965553
2064.759447662226
2064.6648163981235
2064.570603050972
2064.476804838653
2064.3834190086673
2064.2904428376455
2064.1978736307947
2064.105708721488
2064.0139454707614
2063.9225812668074
2063.831613524576
2063.7410396852706
2063.6508572159387
2063.5610636090223
2063.471656381942
2063.3826330766537
2063.2939912592547
2063.205728519605
2063.1178424708587
2063.0303307491604
2062.943191013191
2062.8564209438528
2062.77001824387
2062.6839806374123
2062.5983058698
2062.5129917070867
2062.4280359357804
2062.343436362477
2062.2591908135496
2062.175297134806
2062.091753191196
2062.0085568665363
2061.9257060631103
2061.8431987014856
2061.76103272015
2061.6792060752864
2061.5977167404108
2061.5165627062124
2061.4357419801936
2061.355252586448
2061.275092565426
2061.195259973634
2061.1157528834424
2061.036569382812
2060.957707575071
2060.8791655786954
2060.800941527062
2060.723033568252
2060.6454398648407
2060.5681585936345
2060.4911879455444
2060.414526125318
2060.338171351406
2060.262121855697
2060.186375883393
2060.1109316927686
2060.0357875550703
2059.9609417542506
2059.88639258685
2059.8121383618254
2059.7381774003675
2059.6645080357353
2059.5911286131313
2059.518037489545
2059.445233033531
2059.372713625173
2059.3004776558573
2059.228523528138
2059.1568496556715
2059.085454462977
2059.0143363853904
2058.943493868887
2058.8729253699858
2058.802629355602
2058.7326043029357
2058.662848699351
2058.593361042279
2058.524139839094
2058.45518360697
2058.3864908728465
2058.318060173242
2058.249890054212
2058.181979071214
2058.1143257890258
2058.046928781636
2057.9797866321633
2057.9128979327515
2057.846261284483
2057.779875297296
2057.7137385898886
2057.647849789641
2057.582207532527
2057.5168104630206
2057.4516572340576
2057.386746506909
2057.3220769511163
2057.257647244445
2057.193456072787
2057.129502130083
2057.0657841182606
2057.0023007471614
2056.939050734487
2056.876032805718
2056.8132456940357
2056.750688140302
2056.6883588929277
2056.6262567078998
2056.56438034862
2056.5027285859314
2056.441300198008
2056.380093970324
2056.319108695577
2056.258343173636
2056.1977962115175
2056.1374666232914
2056.0773532300204
2056.017454859783
2055.9577703475215
2055.898298535072
2055.839038271066
2055.779988410908
2055.7211478167073
2055.6625153572572
2055.6040899079603
2055.5458703508225
2055.4878555743435
2055.4300444735236
2055.3724359498196
2055.3150289110863
2055.257822271508
2055.2008149516273
2055.1440058782296
2055.087393984347
2055.030978209197
2054.9747574981593
2054.9187308027203
2054.8628970804493
2054.80725529493
2054.7518044157837
2054.6965434185795
