0.161762,-0.797997,2
0.633169,-0.364796,1
-0.894763,0.610404,2
-0.785114,0.829894,2
-0.476466,-0.638458,0
0.965264,-0.347569,2
0.834835,-0.644464,1
-0.544249,-0.013402,3
0.512472,0.987049,3
0.925166,-0.566752,2
-0.472665,-0.380496,0
-0.593646,-0.028357,3
0.009854,0.751493,3
0.322217,-0.693158,1
0.878666,0.725808,3
0.799443,0.040428,3
0.927811,0.432612,3
0.675631,-0.966952,2
0.043016,0.890518,3
0.862943,0.566550,0
-0.747941,0.828207,2
-0.781019,-0.913106,3
-0.816257,-0.325268,0
0.073492,0.696215,3
-0.338219,-0.001342,3
-0.870537,0.189116,2
0.618161,-0.464183,1
-0.839241,-0.371985,0
-0.712690,0.482975,1
-0.065143,-0.834024,3
0.208783,-0.265700,1
0.206403,0.136594,3
-0.833088,-0.117966,3
0.169643,0.209928,3
-0.227448,0.032585,2
-0.223522,0.024611,2
-0.139208,-0.004541,3
0.111505,0.044535,3
0.670191,-0.815004,1
-0.259251,-0.668028,0
0.183654,-0.129788,2
0.521087,-0.198184,1
0.406029,0.681846,0
0.429831,0.693339,0
0.164822,-0.635312,1
0.859315,-0.626395,1
0.098987,0.065718,3
0.510199,0.265899,0
0.947752,-0.320158,2
-0.524173,-0.279696,0
0.712427,0.252304,0
0.744915,-0.426781,1
-0.752237,-0.143580,3
0.617754,0.917954,3
0.041417,-0.641497,2
-0.750074,-0.774929,0
0.228715,0.771013,0
0.026887,-0.365255,2
0.452859,-0.543282,1
-0.671916,-0.382319,0
-0.178595,-0.812601,3
-0.008714,0.920393,2
0.253117,-0.498514,1
0.186291,0.200869,3
0.181327,0.662118,0
0.921174,-0.106246,2
-0.085578,0.666089,2
0.466973,0.162185,0
-0.477490,0.084727,2
0.080139,0.563927,3
0.443230,0.330065,0
0.788998,-0.328055,1
0.101078,-0.184115,2
0.306690,-0.446062,1
0.272603,0.634774,0
0.171619,-0.905992,2
0.822173,-0.837095,2
-0.985600,0.075289,2
-0.335610,0.200692,1
-0.723841,0.845718,2
-0.137191,-0.802667,3
-0.260528,0.777232,1
0.863422,-0.793554,2
-0.060583,-0.614068,3
0.291173,-0.980444,2
0.949859,-0.265597,2
0.349621,0.738857,0
0.406348,-0.549300,1
-0.445259,-0.286962,0
0.004637,0.827344,3
-0.652188,-0.823744,0
0.921352,-0.830016,2
-0.660839,0.935752,2
0.245274,0.003551,3
0.136444,0.521433,0
-0.150731,0.999253,2
0.718765,0.588742,0
0.776485,0.582188,0
0.795187,-0.284098,1
0.968119,0.086360,3
-0.264542,0.917978,2
0.820763,-0.914921,2
0.656834,0.227111,0
-0.464221,-0.788424,0
0.940149,0.540416,3
-0.961080,-0.712039,3
0.716672,0.960272,3
-0.542055,-0.944167,3
0.896024,0.703219,3
0.059385,0.032468,3
0.224652,0.908654,3
0.031721,-0.056583,2
0.497395,-0.191794,1
-0.474395,0.292583,1
0.524108,-0.506276,1
-0.621058,-0.740434,0
-0.588298,-0.800295,0
-0.655355,-0.931463,3
0.426816,-0.119576,1
-0.719887,0.366965,1
-0.579159,-0.680967,0
0.654926,-0.862487,1
-0.720695,-0.887128,3
-0.806654,-0.824671,3
0.816091,0.252731,3
0.207797,0.040743,3
0.161385,-0.760482,2
0.984160,-0.341220,2
0.047725,-0.490235,2
0.951363,-0.428167,2
0.003490,-0.669695,2
-0.168602,0.415192,1
-0.469990,0.176044,1
0.483729,0.956826,3
-0.943532,0.763841,2
0.323792,-0.522691,1
-0.917126,-0.021282,3
-0.385178,-0.637821,0
0.091589,-0.191832,2
-0.462493,-0.092320,3
-0.939101,0.745304,2
0.948423,0.222284,3
0.984823,0.932584,3
0.881064,0.032547,3
-0.557651,0.832426,1
0.604380,0.445839,0
-0.837269,-0.564222,0
-0.138969,-0.307258,3
0.611822,-0.655240,1
-0.350432,0.668290,1
-0.891399,0.973360,2
-0.854401,-0.808525,3
-0.047923,-0.239579,3
-0.446346,-0.956333,3
0.568589,0.091161,3
-0.048653,0.629488,2
-0.163535,-0.100229,3
-0.148228,-0.178712,3
-0.167646,-0.267165,3
0.853835,0.274704,3
-0.434738,0.458215,1
-0.279458,-0.272007,0
0.893994,0.581573,3
0.420735,0.505816,0
0.926333,-0.929697,2
0.174107,-0.965066,2
-0.956338,0.319706,2
-0.773591,-0.004260,3
-0.919873,-0.219938,3
0.039407,0.648716,3
0.871223,0.990754,3
0.278205,-0.292311,1
-0.109475,-0.870024,3
0.528977,0.722879,0
-0.137188,0.382812,1
-0.002418,0.428073,2
-0.158973,0.718125,2
-0.843934,-0.264979,3
0.299698,0.576801,0
-0.759163,0.226031,1
0.647104,0.414944,0
0.260965,0.690766,0
-0.265350,0.487374,1
-0.313494,-0.185223,0
-0.732564,0.725913,1
-0.536506,-0.861340,0
0.716667,0.741698,0
-0.153652,-0.392809,0
0.871675,-0.624675,1
-0.669930,-0.265514,0
0.758137,0.327653,0
-0.837441,-0.400835,0
0.045777,-0.681374,2
0.334186,-0.654524,1
0.895427,0.575023,3
0.571507,0.542530,0
-0.010033,-0.167529,3
0.233297,0.724617,0
-0.680155,0.919803,2
-0.460605,-0.412719,0
0.645715,0.002889,3
-0.274059,0.362382,1
-0.255413,0.572289,1
0.969573,-0.383738,2
0.947614,-0.700357,2
0.350748,0.705751,0
0.627295,0.513307,0
-0.695084,-0.326927,0
0.831933,0.639102,0
0.018549,0.727360,3
0.214125,-0.409945,1
0.269890,-0.795907,1
0.422527,-0.496813,1
0.928710,0.742372,3
-0.577011,-0.531895,0
-0.670347,-0.931295,3
0.470993,0.055594,3
0.431087,-0.784420,1
-0.372117,0.400660,1
-0.168158,-0.424503,0
0.700303,-0.817410,1
-0.718752,0.327598,1
0.695897,-0.413836,1
-0.999329,0.527830,2
-0.774734,0.019220,2
0.255190,0.439391,0
0.609275,-0.474920,1
0.643484,0.031802,3
0.028267,0.572194,3
-0.225827,0.451256,1
-0.959701,0.103826,2
0.519961,0.511292,0
-0.840580,-0.048953,3
0.726872,-0.212697,1
-0.648293,-0.441285,0
0.362799,-0.947990,2
-0.258695,0.644047,1
0.379608,-0.562798,1
-0.769789,0.380279,1
0.965032,-0.544523,2
-0.600501,0.220222,1
0.894868,-0.991226,2
0.745302,0.538352,0
0.040576,-0.226432,2
0.110545,0.814749,3
-0.775175,0.150844,2
-0.081425,0.744785,2
-0.337864,0.077995,2
-0.304167,-0.610992,0
0.865298,0.047540,3
-0.052277,0.228097,2
0.099550,0.689027,3
-0.127856,-0.520842,0
-0.873771,0.102355,2
0.859437,-0.908739,2
0.557832,-0.741064,1
0.311483,0.452700,0
-0.732290,0.056785,2
-0.008948,0.308285,2
0.830353,-0.898403,2
0.123034,-0.944822,2
0.252441,-0.958391,2
0.799963,0.914577,3
0.119604,-0.504204,1
-0.696415,-0.015098,3
0.543336,0.251308,0
-0.787001,-0.357114,0
-0.059665,0.085143,2
0.122043,0.066565,3
-0.812502,-0.018520,3
0.157826,0.745330,3
0.240416,-0.530691,1
0.198031,0.508126,0
0.526093,-0.810917,1
-0.183589,0.356446,1
-0.709320,0.939446,2
0.411624,0.543121,0
0.981055,0.211587,3
0.457698,0.100659,3
0.707383,0.761283,0
-0.914439,0.250718,2
0.012591,-0.701440,2
0.893604,0.952927,3
0.383702,0.015647,3
0.019491,0.571200,3
0.997128,-0.822683,2
0.316531,0.237544,0
-0.353375,-0.485439,0
-0.254330,-0.827281,3
-0.296356,0.562081,1
0.529165,-0.005676,2
0.501527,-0.059211,2
-0.462555,0.482582,1
-0.847625,0.995142,2
-0.416759,0.859758,1
0.756425,-0.331198,1
0.110476,-0.230983,2
-0.032638,0.004080,2
-0.278057,-0.648936,0
-0.980272,0.741434,2
0.922265,-0.983145,2
0.918751,0.238795,3
0.254399,-0.434623,1
0.753357,-0.999931,2
-0.261905,-0.542999,0
0.562150,-0.732740,1
0.451324,0.063677,3
0.208049,0.988769,3
-0.453741,0.360424,1
0.983911,0.129500,3
0.220182,0.740337,0
0.798303,-0.669342,1
-0.490647,-0.234336,0
0.334739,0.231296,0
0.116729,0.354466,3
-0.027270,0.038993,2
0.371321,-0.108518,2
-0.722211,-0.374280,0
0.456858,-0.968854,2
-0.374211,-0.805047,0
-0.511854,-0.812061,0
-0.537786,0.939471,2
0.251616,0.670262,0
0.928239,0.797875,3
0.030686,0.912151,3
-0.072625,-0.749131,3
0.652487,-0.274323,1
-0.418473,-0.838160,0
0.491342,0.916266,3
0.393137,-0.391929,1
0.270732,-0.634133,1
0.647064,-0.357947,1
0.257349,0.924853,3
0.267774,-0.285793,1
0.955999,0.893562,3
-0.090840,-0.555855,3
-0.918499,0.371374,2
-0.616384,0.333117,1
0.041636,-0.688145,2
0.130992,-0.927678,2
-0.775994,-0.941633,3
-0.676809,0.876493,2
-0.215956,-0.095282,3
-0.961667,-0.724614,3
-0.179016,0.431470,1
-0.116544,-0.908284,3
0.797337,-0.469480,1
-0.266231,0.054686,2
-0.544627,-0.998457,3
0.768892,-0.588628,1
0.895105,-0.321947,2
-0.144483,0.976606,2
-0.950574,0.239133,2
0.309724,0.091062,3
0.550988,-0.559285,1
0.163385,0.774994,3
-0.500918,0.486576,1
0.651487,0.283126,0
-0.608706,0.689820,1
0.558512,0.212278,0
0.121290,-0.558032,1
0.303994,-0.081373,2
-0.027511,-0.962237,3
0.973313,0.427862,3
-0.960695,0.742205,2
0.839234,0.934411,3
-0.579742,-0.305249,0
0.911017,-0.530316,2
0.933884,0.220741,3
0.560746,0.484872,0
0.661456,-0.275869,1
0.259866,-0.839462,2
-0.789294,-0.088647,3
0.443664,-0.398000,1
-0.398827,0.002176,2
0.814278,0.722463,0
0.444144,0.118272,0
-0.358910,-0.583367,0
0.156034,-0.385597,1
0.844495,0.195340,3
-0.643392,0.683729,1
0.129750,-0.223134,2
-0.621520,0.040767,2
0.246550,-0.687635,1
-0.738492,-0.192704,0
0.797237,0.922964,3
0.531426,0.057103,3
-0.916497,0.742133,2
0.968456,0.527167,3
-0.655867,-0.430371,0
-0.470656,-0.841589,0
-0.707908,0.973488,2
0.276682,-0.066818,2
-0.609879,-0.567284,0
0.547585,-0.765384,1
0.628056,0.904193,3
0.918345,-0.242193,2
-0.318942,-0.703175,0
0.798574,0.927608,3
-0.390810,-0.939918,3
-0.265096,-0.593573,0
0.983047,-0.733670,2
0.463529,-0.933451,2
-0.991538,0.431985,2
0.593717,-0.647405,1
-0.998386,-0.876940,3
-0.488994,-0.706295,0
-0.903452,0.787688,2
0.226887,-0.513331,1
-0.779596,-0.225528,0
-0.278715,0.848461,2
-0.321336,-0.360370,0
-0.393733,0.359723,1
-0.063545,-0.595159,3
0.287331,0.545645,0
-0.535077,-0.977766,3
0.952071,-0.552030,2
-0.711436,0.415601,1
-0.485481,-0.702973,0
-0.152414,-0.891764,3
-0.350378,-0.150800,0
-0.768704,0.160628,2
0.142905,-0.672155,1
-0.051684,-0.630208,3
-0.185486,0.168720,2
0.144264,0.535799,0
0.017181,0.822928,3
-0.824571,0.623448,1
0.182651,0.111884,3
-0.971711,-0.530018,3
-0.342471,-0.506787,0
-0.507784,-0.390400,0
-0.058817,-0.219220,3
-0.974799,0.455702,2
0.077807,-0.127213,2
0.563938,0.727429,0
0.721987,0.795234,0
-0.111943,-0.135108,3
-0.876921,0.836373,2
0.234684,-0.062407,2
0.005093,-0.621052,2
-0.526607,-0.977726,3
-0.798124,-0.351178,0
0.645723,0.384527,0
0.760706,0.674012,0
0.854509,-0.581765,1
-0.832775,-0.653275,0
0.027836,0.108407,3
0.127505,0.053037,3
-0.435891,-0.794688,0
0.925824,-0.871953,2
0.932742,0.647810,3
0.923282,-0.179201,2
-0.487298,-0.953639,3
-0.342828,0.747386,1
-0.016046,0.662265,2
-0.873667,0.457347,1
0.684540,-0.671791,1
-0.893831,0.330262,2
0.712736,0.866876,3
0.004274,0.567244,3
-0.714889,0.171499,1
0.913969,0.312947,3
-0.720094,0.041474,2
-0.634016,-0.155985,0
0.246786,-0.708193,1
-0.027937,0.179528,2
0.939618,-0.104656,2
-0.999673,-0.547680,3
-0.058294,-0.342501,3
-0.800295,0.925660,2
-0.680236,-0.673961,0
0.383007,-0.995696,2
-0.345752,0.489177,1
0.334566,-0.633016,1
0.356052,-0.661160,1
0.934228,0.641163,3
0.510339,0.848197,0
-0.045890,0.790245,2
-0.110329,0.320094,2
-0.365740,-0.863542,0
0.611901,0.606323,0
0.315986,0.551519,0
-0.498333,0.316313,1
-0.996162,0.443373,2
0.973812,-0.796456,2
0.369033,-0.706424,1
-0.470417,-0.247960,0
-0.702121,0.183830,1
-0.758783,0.632445,1
0.550814,0.597269,0
0.971285,0.485042,3
0.238432,0.481624,0
0.333239,-0.807458,1
0.271869,-0.777089,1
0.512635,0.906129,3
-0.640632,0.124536,2
0.512452,0.675354,0
-0.323946,-0.985881,3
-0.008333,-0.320107,3
0.457492,-0.034521,2
-0.116563,-0.173475,3
0.259054,0.413019,0
0.578565,0.556934,0
-0.403151,0.819781,1
0.189379,-0.852337,2
0.417050,0.160664,0
0.632706,-0.344518,1
-0.357712,-0.034055,3
-0.151977,0.914156,2
0.188856,-0.639342,1
0.820285,0.548224,0
0.485194,0.332737,0
0.223578,-0.838751,2
0.346856,-0.784755,1
-0.158859,-0.195652,3
0.180724,0.724578,0
0.630872,-0.560222,1
0.137597,0.209437,3
0.996712,0.734446,3
0.029219,0.186091,3
0.882110,-0.553731,1
-0.653245,0.514815,1
0.101750,-0.010957,2
-0.519239,0.949773,2
-0.096801,0.669616,2
-0.689568,-0.276516,0
0.217841,0.795626,3
-0.943779,-0.558581,3
0.956874,0.403077,3
-0.343336,-0.201985,0
-0.792575,0.837388,2
-0.477407,0.838297,1
-0.722834,0.660190,1
0.047734,-0.726122,2
0.394637,-0.923047,2
0.459968,0.276746,0
-0.476779,0.806723,1
-0.208438,0.624972,1
-0.204234,0.272322,1
0.574745,0.698965,0
-0.058061,0.885176,2
-0.577551,-0.840221,0
0.680802,-0.521330,1
-0.398802,0.637676,1
0.881747,0.257862,3
-0.564308,-0.910829,3
0.095250,-0.041715,2
0.927468,0.372416,3
-0.381525,-0.024798,3
0.646294,-0.986888,2
0.052155,0.106262,3
0.289858,0.575377,0
-0.087014,-0.918580,3
0.200348,0.708751,0
0.353742,-0.224907,1
0.407716,-0.704319,1
-0.339731,0.830165,1
-0.544540,-0.658929,0
-0.691165,0.056658,2
0.978747,-0.809419,2
-0.685480,-0.585561,0
-0.720248,0.409770,1
0.372724,-0.792780,1
-0.217814,0.991199,2
0.182423,-0.571520,1
-0.995689,-0.765422,3
0.534743,0.294169,0
0.809955,-0.552272,1
0.375589,0.010303,3
-0.843520,-0.270669,3
0.785395,0.564196,0
0.025012,-0.554335,2
0.394361,0.480471,0
-0.213264,0.703195,1
-0.462871,-0.234517,0
0.893777,-0.148351,2
0.179922,-0.826471,2
-0.738581,-0.447354,0
-0.619251,0.043606,2
-0.456155,0.563172,1
0.472086,-0.451845,1
0.797750,0.006828,3
0.842324,0.607705,0
0.454557,0.217913,0
-0.381993,0.611036,1
0.947244,-0.596597,2
0.175232,-0.027745,2
-0.150933,-0.430408,0
-0.547273,0.635803,1
-0.727212,-0.010144,3
-0.598714,-0.833436,0
0.841505,0.581208,0
-0.659907,-0.897075,3
-0.866147,-0.279157,3
0.146530,-0.322302,1
-0.715985,-0.381384,0
0.225853,-0.918235,2
0.625444,0.068178,3
0.689470,0.080001,3
-0.713909,-0.692523,0
-0.308963,-0.766665,0
-0.289120,0.866269,2
0.205590,0.559947,0
-0.564139,0.658317,1
0.195750,-0.291351,1
-0.351827,0.597036,1
-0.124787,-0.510322,0
0.178244,0.215306,3
-0.407398,0.312097,1
0.936149,0.739133,3
0.989795,-0.779837,2
-0.642252,0.215649,1
-0.698072,0.983193,2
-0.716174,0.991398,2
0.063193,-0.430083,2
-0.701125,0.754230,1
-0.196748,0.009755,2
0.620499,-0.991158,2
-0.430298,-0.943640,3
0.667159,0.765453,0
-0.234991,-0.684669,0
0.362489,0.640222,0
-0.194991,-0.459267,0
-0.144472,0.397612,1
0.852830,-0.208323,2
0.136744,0.842625,3
0.011840,0.494493,3
0.058274,0.313769,3
0.477685,0.342100,0
0.305167,-0.459121,1
0.912017,0.604042,3
-0.704891,-0.284731,0
-0.386202,0.915608,2
-0.275889,0.183500,1
0.971968,-0.608730,2
-0.051047,-0.263023,3
-0.293399,-0.688559,0
-0.622801,0.511610,1
-0.147826,0.232727,2
-0.090778,-0.294996,3
-0.975596,-0.954034,3
-0.452371,0.036244,2
0.540459,0.605903,0
-0.649988,0.018144,2
-0.051997,0.655179,2
0.559023,-0.139979,1
0.259221,0.854131,3
0.575290,0.873019,0
0.769739,-0.700599,1
0.056519,0.741707,3
-0.309329,-0.994528,3
-0.521316,0.397272,1
-0.683087,-0.144117,3
-0.091118,0.169087,2
-0.911390,0.818103,2
0.874091,-0.886987,2
0.864069,-0.578279,1
0.149257,0.404528,0
-0.972376,0.499269,2
-0.577328,-0.024373,3
0.154449,0.981694,3
0.835648,-0.586330,1
0.835826,0.410938,0
-0.713311,0.605565,1
0.710339,0.343208,0
0.347272,-0.598990,1
0.348680,0.825956,0
0.798282,0.665592,0
-0.318161,-0.292836,0
-0.165320,-0.229551,3
-0.474733,-0.291229,0
-0.116538,-0.610664,0
0.130491,-0.967281,2
0.793864,0.158115,3
0.531989,-0.783464,1
-0.866258,-0.313563,3
-0.801770,0.969390,2
0.100107,-0.965945,2
0.380328,0.386796,0
0.639620,0.090668,3
-0.269996,-0.013107,3
0.491678,-0.921316,2
-0.187151,0.289960,1
0.744276,0.494688,0
0.997124,-0.421044,2
-0.734864,-0.477609,0
0.287727,0.148598,3
-0.088273,-0.581782,3
0.181318,-0.294409,1
0.576333,-0.286694,1
-0.077873,0.710075,2
0.399744,0.120357,0
0.679465,-0.500149,1
0.154412,0.059794,3
0.886647,-0.205968,2
-0.849538,-0.383348,0
0.780925,0.642140,0
-0.304664,-0.406226,0
-0.067900,-0.560388,3
-0.911539,-0.070776,3
0.018568,-0.646402,2
0.451615,-0.693706,1
0.502196,-0.636658,1
-0.275488,-0.316486,0
0.068933,-0.699155,2
0.396820,0.991060,3
-0.989080,-0.203436,3
0.111416,0.690386,3
0.296415,-0.734172,1
-0.249821,0.183062,2
0.059861,-0.099359,2
0.799714,-0.159214,2
-0.457219,-0.504951,0
0.434559,0.474881,0
-0.065339,0.523021,2
-0.595895,0.953229,2
0.876619,0.855720,3
-0.740477,0.378815,1
-0.780938,-0.015964,3
-0.937671,0.287995,2
0.284881,0.459149,0
0.279054,0.295801,0
-0.744287,-0.609529,0
-0.013813,0.552127,2
-0.343701,0.736366,1
-0.264811,0.716160,1
-0.362993,-0.465097,0
-0.443055,0.179788,1
0.029952,0.991505,3
-0.345331,0.964613,2
0.514526,0.058773,3
0.917842,0.391144,3
-0.085507,-0.822634,3
-0.230041,0.133555,2
0.161402,-0.167712,2
-0.578451,-0.553717,0
-0.708563,0.700604,1
0.742084,-0.452850,1
-0.908926,-0.271729,3
-0.900723,-0.252627,3
-0.535363,-0.165534,0
-0.536467,0.101644,2
0.369369,0.020478,3
-0.718568,-0.600679,0
0.011983,-0.063900,2
-0.636066,-0.473492,0
0.994874,-0.718223,2
0.917652,-0.090633,2
-0.540858,-0.312388,0
-0.957078,0.620544,2
0.519900,-0.535529,1
-0.933174,0.811337,2
-0.834925,0.808910,2
-0.641514,-0.743851,0
-0.462819,-0.542237,0
0.003522,0.001818,3
0.292229,0.467055,0
-0.896538,-0.338401,3
-0.512467,-0.615107,0
0.060920,0.499515,3
0.320994,0.424854,0
-0.973976,0.315867,2
0.706631,0.943676,3
-0.774766,-0.834227,3
-0.368712,-0.731844,0
0.786317,-0.848813,2
-0.267373,0.853143,2
0.962524,-0.102299,2
0.662053,-0.678990,1
0.153850,-0.800766,2
-0.221227,-0.842628,3
0.201052,-0.928997,2
0.624427,0.304514,0
-0.267399,-0.888040,3
0.689407,0.793521,0
0.611475,0.010401,3
0.218375,0.637499,0
-0.673732,-0.074994,3
0.581175,-0.448498,1
0.090779,-0.787537,2
-0.180342,-0.122904,3
-0.636350,0.552284,1
-0.269761,-0.673826,0
-0.550014,-0.607708,0
-0.352816,0.603836,1
-0.408473,0.425957,1
0.761208,0.792579,0
0.496960,0.385635,0
0.097093,-0.770439,2
0.497595,-0.213500,1
-0.976918,0.109070,2
0.796901,0.241457,0
-0.253431,-0.876831,3
-0.833538,-0.672256,0
-0.325329,0.257241,1
-0.459793,0.494329,1
-0.865663,-0.096143,3
0.046613,-0.135424,2
0.230031,0.496599,0
0.256868,0.877215,3
0.100435,0.848395,3
0.303172,-0.138357,2
0.640974,-0.199868,1
-0.752722,-0.261934,0
0.029693,0.744873,3
0.524567,0.052775,3
-0.146057,0.321467,1
-0.705768,0.600513,1
0.444636,-0.539305,1
0.928257,-0.880693,2
0.717936,-0.531536,1
0.613636,0.852273,0
0.372321,-0.339750,1
-0.283152,-0.397648,0
-0.843151,0.973716,2
-0.520432,0.257284,1
0.822111,0.782740,3
-0.881073,0.463085,1
-0.417127,-0.633795,0
-0.798849,0.612566,1
-0.888922,0.725718,2
-0.334659,-0.034978,3
0.047185,-0.040426,2
-0.434466,-0.508179,0
0.420268,-0.506209,1
-0.388871,0.138204,1
-0.037744,-0.775235,3
-0.009524,-0.665423,3
-0.114986,0.707325,2
-0.063071,0.041863,2
0.681041,0.416497,0
-0.700853,0.503152,1
0.199237,-0.581927,1
-0.033763,0.782110,2
-0.215722,0.167388,2
0.394676,-0.104644,2
-0.106894,-0.939983,3
0.860378,0.940291,3
0.019591,-0.574088,2
-0.567887,-0.560141,0
-0.080297,0.043241,2
0.578063,0.881959,0
0.268006,-0.431461,1
-0.783464,-0.846980,3
-0.724136,0.153465,2
0.194883,0.956905,3
-0.430038,0.494030,1
0.460057,0.769199,0
0.912103,-0.573706,2
0.551309,-0.303619,1
0.593682,-0.054015,2
0.591737,-0.513211,1
0.006003,0.452115,3
-0.572920,-0.974406,3
0.878027,-0.140807,2
-0.534547,-0.202269,0
0.902434,-0.956485,2
-0.320311,0.170440,1
-0.387946,-0.103775,3
0.323460,-0.112082,2
-0.950310,-0.481657,3
-0.155177,-0.380347,0
-0.987627,-0.695121,3
-0.611148,0.924476,2
-0.268827,0.940161,2
-0.379143,-0.675144,0
-0.113853,-0.787405,3
-0.188356,0.892150,2
0.664710,0.238724,0
0.917744,0.542737,3
-0.902083,-0.616804,3
-0.659533,-0.999649,3
-0.573288,0.020157,2
0.170791,0.038766,3
0.916382,-0.505749,2
0.926684,0.966072,3
0.012594,-0.228494,2
-0.414275,0.024967,2
0.076386,-0.025423,2
-0.050557,0.807559,2
-0.085262,0.570300,2
-0.867585,0.800885,2
0.782895,-0.055941,2
0.693035,0.447605,0
-0.817217,0.610779,1
-0.009658,-0.719300,3
0.993975,0.330809,3
-0.718949,-0.579314,0
-0.649034,0.451842,1
0.459452,-0.732652,1
0.946093,0.386136,3
-0.766580,-0.041313,3
-0.842358,-0.180855,3
0.983654,0.234028,3
0.793722,-0.066902,2
0.041587,-0.291540,2
-0.496602,0.174001,1
-0.490655,-0.713707,0
-0.881940,-0.797620,3
0.733898,-0.699157,1
0.813158,-0.275760,1
-0.418457,0.807133,1
-0.944951,-0.137405,3
-0.772180,-0.593985,0
-0.685563,0.687272,1
-0.326637,-0.739470,0
0.073408,-0.093216,2
0.219217,0.231050,0
0.725928,0.202872,0
-0.534922,0.519650,1
-0.864031,0.506664,1
-0.771890,-0.360633,0
-0.319334,-0.262545,0
-0.074340,-0.201274,3
-0.060166,-0.340442,3
0.099569,-0.247007,2
0.383798,0.681113,0
-0.439874,0.438847,1
-0.456293,-0.212054,0
0.844863,-0.141856,2
-0.524783,-0.481774,0
0.118674,0.548625,0
0.425010,-0.662109,1
-0.220326,0.150938,2
0.540762,0.244752,0
-0.329412,0.676731,1
-0.248584,-0.101302,3
-0.683901,0.432082,1
0.636152,0.241759,0
-0.769192,-0.424013,0
0.901318,0.330378,3
0.328980,0.285116,0
0.011490,0.889106,3
-0.276037,0.555198,1
-0.322949,-0.431174,0
-0.586658,0.152269,1
0.087052,0.532015,3
-0.299107,-0.487938,0
0.869906,0.480568,0
0.663000,0.410668,0
-0.274680,-0.666412,0
0.087399,0.476736,3
0.232286,0.403498,0
-0.091182,-0.131562,3
-0.354743,0.139626,1
0.444425,-0.453425,1
-0.529996,-0.226595,0
0.831690,0.481494,0
-0.337490,-0.444346,0
0.036692,0.339562,3
0.124480,0.450033,0
-0.508170,-0.788468,0
-0.017952,0.192723,2
-0.276406,-0.148046,3
-0.326709,-0.613406,0
-0.737378,0.398611,1
-0.279818,0.350022,1
-0.124653,0.952468,2
-0.246480,0.784164,1
-0.179094,0.398777,1
-0.076210,-0.734669,3
0.945351,0.393794,3
0.038736,0.777042,3
-0.124712,0.701246,2
-0.667305,0.911979,2
0.040807,0.457175,3
0.362013,0.532638,0
0.668707,-0.655939,1
-0.274639,-0.607699,0
0.196015,0.398652,0
-0.221105,0.458637,1
-0.202737,0.499077,1
-0.191341,0.672609,1
0.451545,0.562179,0
0.456774,-0.727550,1
-0.039045,-0.619436,3
-0.462219,-0.093694,3
0.774358,0.576517,0
-0.316652,-0.350354,0
0.277763,0.016044,3
-0.438374,-0.681430,0
-0.526781,0.923638,2
0.851208,-0.858074,2
-0.732301,-0.423431,0
-0.465773,0.463715,1
0.975221,0.313123,3
-0.077648,-0.227516,3
-0.187801,0.731011,1
-0.554907,-0.736256,0
0.293190,0.901867,3
-0.463806,-0.745855,0
-0.717569,0.073976,2
0.160451,-0.943211,2
-0.349508,0.843800,1
-0.293565,0.928255,2
-0.140157,0.268061,2
-0.753175,0.333062,1
0.191699,-0.901968,2
0.474988,0.459399,0
-0.325399,-0.990785,3
-0.076887,-0.350178,3
0.322338,0.845465,0
0.422305,-0.865463,1
0.576477,0.867398,0
-0.601719,-0.130334,0
0.769265,-0.065524,2
0.123811,-0.948304,2
-0.991548,-0.715737,3
-0.891515,-0.341056,3
-0.871938,-0.185080,3
-0.412801,-0.012094,3
-0.917019,-0.165977,3
-0.679033,0.274680,1
-0.067944,0.795955,2
-0.265922,0.606657,1
0.805171,0.657192,0
-0.743522,0.127509,2
0.502657,0.678783,0
0.262046,0.079133,3
0.546182,0.660328,0
0.948800,0.315446,3
-0.405196,0.072611,2
0.367142,-0.396745,1
0.356874,0.475627,0
0.262199,0.484937,0
-0.709453,0.849398,2
-0.527158,-0.626473,0
-0.316579,-0.206191,0
0.648207,0.615477,0
-0.410235,-0.617714,0
0.222133,-0.605064,1
-0.960523,0.478612,2
0.522445,0.542134,0
0.157395,-0.215509,2
-0.378732,-0.296423,0
-0.555181,-0.429932,0
-0.980977,0.039623,2
0.642679,0.386165,0
0.642878,-0.000447,2
-0.138209,-0.094923,3
-0.515511,0.152338,1
-0.245526,-0.042669,3
0.525865,0.437895,0
0.751141,0.174072,3
0.053372,-0.659094,2
0.556358,-0.724494,1
-0.264158,0.595836,1
0.754117,-0.741714,1
0.137970,-0.088488,2
0.042777,0.759237,3
0.615089,0.487596,0
-0.670695,0.634112,1
-0.472781,0.971984,2
0.020277,-0.829903,2
-0.028463,0.882068,2
0.075174,0.456026,3
0.034406,0.829648,3
-0.586643,-0.439729,0
0.267544,-0.835502,2
0.734343,-0.679084,1
-0.494596,0.290701,1
-0.403579,0.241246,1
-0.113463,-0.649462,3
0.499532,-0.975493,2
0.262051,-0.457691,1
0.783744,-0.122860,2
-0.970095,-0.886951,3
-0.488748,-0.442876,0
-0.914967,0.531528,2
-0.272779,0.056569,2
0.413596,0.802395,0
-0.487405,-0.551998,0
0.632043,-0.074047,2
0.008272,-0.100414,2
0.090451,-0.257385,2
0.220502,0.595855,0
-0.966683,0.816923,2
-0.162900,-0.080146,3
-0.832538,-0.663368,0
-0.055640,0.429512,2
-0.121059,-0.271896,3
-0.693348,-0.091154,3
-0.158847,-0.182096,3
0.465971,-0.073814,2
-0.650568,-0.806808,0
0.982755,0.763029,3
0.995586,-0.504650,2
-0.788970,0.627629,1
0.421303,0.219303,0
-0.472785,-0.488246,0
0.961918,0.747717,3
-0.892391,0.995235,2
0.564640,-0.055291,2
-0.084912,0.732101,2
0.281341,0.859448,3
0.161614,-0.839717,2
-0.412447,0.468266,1
0.069129,0.428706,3
-0.713830,-0.464900,0
-0.645108,-0.364398,0
-0.271709,-0.662353,0
-0.601369,-0.276122,0
-0.167002,-0.390339,0
-0.648494,-0.745699,0
0.828964,-0.121279,2
-0.233945,0.790882,1
-0.373562,-0.126336,0
0.786116,-0.808923,2
0.818373,-0.298795,1
0.923179,0.099715,3
-0.439347,0.084792,2
0.259997,0.148206,3
-0.446942,-0.670873,0
-0.423088,-0.160772,0
-0.135774,-0.068196,3
0.474831,0.592518,0
0.269451,0.873462,3
-0.683604,-0.897551,3
-0.516877,-0.332098,0
-0.643251,-0.687914,0
0.546623,0.122804,0
-0.897032,-0.826939,3
0.996468,0.889084,3
-0.635862,0.814842,1
-0.409711,-0.712683,0
-0.085444,0.150942,2
0.372109,-0.825446,1
-0.700852,0.925168,2
-0.496320,-0.123940,0
-0.235604,0.367907,1
0.807863,-0.760773,2
-0.039575,0.077314,2
-0.887311,0.276820,2
0.179763,-0.404189,1
0.944722,0.536512,3
-0.092102,0.491345,2
-0.340683,0.010866,2
0.664406,-0.344215,1
-0.100050,-0.971455,3
-0.529374,0.490239,1
-0.684138,0.385183,1
-0.358819,0.687971,1
0.559737,-0.059671,2
0.613139,-0.936583,2
0.816389,-0.622465,1
0.431324,0.624252,0
-0.383238,-0.608251,0
-0.298434,-0.270550,0
0.668569,0.881329,3
0.325261,0.613291,0
0.417841,-0.766841,1
0.104636,-0.922842,2
0.244025,-0.230958,1
-0.267057,-0.856025,3
-0.202413,0.203569,2
0.634214,0.113449,3
-0.411248,-0.724604,0
-0.198581,-0.851511,3
0.215725,-0.585442,1
-0.788094,0.032113,2
-0.207907,0.643231,1
-0.343635,0.408854,1
-0.965021,0.357932,2
-0.861696,0.703548,2
0.239261,0.463566,0
0.316839,-0.342898,1
0.696725,-0.578524,1
-0.265740,-0.059250,3
0.190518,0.467203,0
0.084725,0.988105,3
-0.329227,-0.281060,0
0.101553,0.259525,3
-0.005664,0.902973,2
0.408014,-0.789940,1
-0.682469,0.619921,1
0.242173,0.109624,3
0.263151,0.898539,3
-0.481522,0.298130,1
0.256470,-0.343218,1
0.001679,-0.504269,2
-0.879652,-0.681482,3
0.152833,0.817073,3
-0.260007,0.887093,2
-0.242176,0.930511,2
0.354297,0.842549,0
0.918616,-0.974931,2
-0.438511,0.020169,2
0.284594,0.555825,0
-0.076858,-0.307392,3
0.765885,0.240673,0
-0.687471,0.008058,2
-0.649704,0.575680,1
-0.093403,-0.131226,3
-0.126190,-0.836933,3
0.525557,0.875489,0
-0.341202,0.645905,1
-0.805993,0.811631,2
0.462979,-0.066000,2
0.698725,-0.779198,1
-0.135488,0.053021,2
-0.936648,-0.216872,3
0.078091,-0.375159,2
0.803297,-0.637315,1
-0.819334,-0.273561,0
0.055293,0.946550,3
0.967112,0.367822,3
-0.045391,-0.682592,3
-0.056499,0.861205,2
0.186183,0.817312,3
-0.975727,-0.288261,3
0.692801,-0.316929,1
-0.642355,0.886807,2
-0.505298,0.820623,1
-0.179192,-0.806573,3
-0.958575,0.685319,2
0.246448,-0.895223,2
-0.531553,-0.675461,0
-0.270382,-0.728256,0
-0.312776,-0.089717,3
-0.001817,0.742517,2
-0.143166,-0.034705,3
0.110338,0.811442,3
0.282703,-0.946160,2
0.672648,-0.531114,1
0.871151,0.696921,3
0.180625,0.563952,0
-0.620009,0.538270,1
0.450759,-0.125307,1
0.358893,-0.728433,1
0.068120,0.400318,3
0.956886,-0.685431,2
0.505095,-0.574667,1
-0.360892,-0.765287,0
-0.302924,0.326331,1
0.144996,0.695259,3
0.068848,-0.998170,2
-0.339446,-0.820814,0
0.813273,0.943257,3
-0.766974,0.485921,1
-0.587857,-0.895823,3
0.182841,0.592768,0
0.668129,0.562832,0
0.131037,0.118888,3
-0.562474,-0.510070,0
0.390455,0.505646,0
0.890248,0.347341,3
0.820215,0.395343,0
0.772673,-0.540678,1
0.630056,-0.530251,1
0.785654,-0.224948,1
-0.834991,-0.145498,3
-0.223117,-0.174437,3
0.033688,-0.409844,2
-0.231180,0.266714,1
-0.923924,0.180962,2
0.370891,0.258917,0
-0.226270,0.039020,2
-0.178250,0.904767,2
-0.842092,0.259275,2
-0.605303,0.548363,1
-0.235079,-0.715056,0
-0.104297,-0.414864,3
0.680287,-0.331623,1
0.044459,0.310344,3
0.138126,-0.169888,2
-0.914604,0.303135,2
0.684614,-0.137721,2
-0.871303,-0.281698,3
0.452434,-0.102483,2
0.985016,0.528511,3
-0.921521,0.355907,2
-0.212572,-0.147792,3
-0.605072,0.609178,1
-0.243025,-0.447164,0
-0.131547,0.151672,2
-0.898801,0.633374,2
0.436616,-0.003098,2
-0.781489,0.116904,2
0.665279,0.262969,0
-0.572753,-0.196595,0
-0.906919,-0.487357,3
-0.893461,0.777696,2
0.374922,-0.764763,1
-0.504002,-0.172644,0
0.132754,-0.518986,1
-0.644133,0.211233,1
0.836922,0.143295,3
-0.936559,-0.768151,3
-0.247527,-0.179584,3
-0.215315,0.620926,1
0.972088,-0.114116,2
0.254300,0.408704,0
0.882786,0.472811,0
-0.474392,0.548065,1
-0.264220,-0.047145,3
-0.648531,-0.171139,0
0.465499,-0.541991,1
-0.393443,-0.159579,0
-0.306754,0.102555,2
0.667777,0.825999,0
0.583569,-0.976356,2
0.037232,0.420491,3
0.166939,0.100673,3
0.652341,0.919412,3
0.921089,-0.562974,2
0.540337,0.893177,0
0.322910,-0.205363,1
0.301881,0.205696,0
-0.732552,0.827489,2
-0.246240,0.003227,2
-0.219655,0.105229,2
0.832088,-0.754157,2
0.563238,-0.561355,1
0.086264,-0.743516,2
0.541200,-0.245959,1
-0.917517,0.124769,2
-0.222314,0.119715,2
-0.454740,0.944625,2
-0.779612,-0.802399,3
0.864037,-0.858523,2
-0.365374,0.404374,1
-0.965346,0.957536,2
-0.800989,0.336535,1
0.163231,-0.533541,1
0.164025,0.916992,3
0.469686,0.944369,3
0.022221,0.301774,3
-0.809788,-0.414541,0
0.740419,0.276477,0
-0.158057,0.281619,2
-0.969482,-0.075573,3
-0.593612,-0.191796,0
-0.955858,-0.048352,3
-0.247171,-0.735470,0
0.149248,-0.383134,1
-0.593993,0.783875,1
-0.978761,-0.559339,3
0.741411,-0.779749,1
0.777197,-0.095358,2
-0.313291,-0.058779,3
-0.178366,-0.843604,3
-0.114410,0.843855,2
0.458170,0.075803,3
-0.570685,0.198589,1
-0.647720,0.271258,1
-0.519792,-0.617202,0
-0.804315,-0.113404,3
0.191002,-0.760173,2
0.838243,0.943830,3
-0.495643,-0.012508,3
-0.439304,-0.089636,3
-0.228633,-0.418065,0
0.351025,-0.487222,1
-0.197814,0.128222,2
0.417420,0.488895,0
-0.930557,-0.760946,3
0.645291,-0.044966,2
-0.917090,0.103461,2
-0.969163,-0.487776,3
-0.697950,-0.616884,0
0.783482,-0.217742,2
-0.234086,0.979167,2
0.668853,0.956915,3
-0.781006,0.507097,1
0.900746,-0.276649,2
-0.505411,-0.538558,0
0.633715,0.265955,0
0.043377,-0.015259,2
0.778733,0.845563,3
-0.887037,0.196154,2
0.334458,-0.817594,1
0.435208,-0.020251,2
0.137440,0.518117,0
-0.916790,0.168276,2
-0.969658,-0.614740,3
0.551393,0.813824,0
0.167517,-0.682693,1
0.792991,-0.163629,2
-0.725778,-0.988015,3
-0.656533,-0.825032,0
-0.264664,-0.161944,3
-0.363591,-0.630948,0
-0.895989,0.679786,2
0.353793,0.882744,3
0.525349,0.466755,0
0.078898,-0.140193,2
0.649161,-0.485894,1
0.839556,-0.213399,2
-0.967777,0.922765,2
0.954877,-0.937435,2
-0.691975,0.506270,1
0.876389,0.475542,0
0.823577,0.669380,0
-0.688087,-0.902201,3
0.681365,-0.344620,1
-0.727233,-0.583298,0
0.493436,-0.090824,2
-0.214246,0.597447,1
-0.411038,-0.860454,0
0.480191,-0.885689,1
0.606301,-0.440911,1
-0.025882,0.255463,2
0.073195,-0.186327,2
-0.957936,0.105418,2
-0.263561,0.996941,2
0.167983,0.044464,3
0.503212,0.044372,3
-0.479994,0.326789,1
-0.286248,-0.168082,0
0.424587,-0.604882,1
0.487298,0.697354,0
-0.188181,-0.019266,3
-0.393470,0.597573,1
-0.421819,0.195493,1
0.737119,-0.941628,2
0.309804,0.343421,0
-0.382538,-0.716079,0
-0.401117,0.690657,1
0.097595,-0.359053,2
-0.203925,0.834034,2
-0.362111,0.964059,2
-0.121503,-0.858899,3
0.008431,0.398503,3
0.467889,0.722183,0
-0.769578,-0.107523,3
-0.882699,0.717720,2
-0.410169,-0.070880,3
-0.301546,0.196361,1
-0.473307,0.276635,1
-0.608146,-0.736188,0
0.335007,0.701658,0
0.607233,0.952469,3
0.985579,-0.793884,2
0.643126,0.083174,3
-0.152936,-0.560799,0
-0.082792,0.484952,2
-0.596741,0.795705,1
0.626053,0.411690,0
0.194208,0.093942,3
0.133873,0.424630,0
0.986419,0.251174,3
0.142349,-0.423750,1
-0.819706,0.840804,2
0.772611,-0.293014,1
0.117439,-0.835535,2
-0.029201,-0.547554,3
0.866123,-0.421969,1
-0.595085,0.851702,1
-0.215853,-0.951959,3
-0.065124,0.631211,2
-0.512758,0.852084,1
0.116163,-0.109499,2
0.647789,-0.257783,1
-0.697809,-0.158003,0
0.836159,0.436064,0
-0.733373,0.822578,1
-0.312762,0.408976,1
-0.601173,-0.132469,0
0.249780,-0.828561,2
0.574518,-0.632782,1
-0.664096,-0.454684,0
-0.180336,-0.797973,3
0.123348,0.224579,3
-0.946271,0.907495,2
0.272620,-0.011394,2
0.538706,0.759862,0
-0.159310,-0.345131,0
-0.349637,-0.511521,0
0.397086,-0.047445,2
0.330476,0.233245,0
-0.611381,0.597103,1
0.055822,0.075857,3
0.006079,0.454650,3
0.943388,-0.744141,2
0.626088,0.517906,0
-0.376923,0.961992,2
-0.936778,0.442741,2
-0.835981,0.186570,2
-0.332680,-0.782252,0
0.094065,0.939941,3
0.206354,-0.367229,1
0.699803,-0.952957,2
0.287640,-0.649834,1
-0.464478,-0.315274,0
0.302721,0.865998,3
0.917971,0.691339,3
0.463101,-0.026207,2
-0.232804,-0.530820,0
-0.571557,-0.289416,0
-0.274961,-0.945469,3
-0.771510,0.348115,1
-0.983477,-0.708288,3
-0.209143,-0.819458,3
0.478281,0.458177,0
-0.601710,-0.427654,0
0.398118,0.604643,0
0.205117,0.097921,3
0.651687,-0.507243,1
0.448087,-0.812791,1
0.177484,-0.249192,2
-0.946793,0.095455,2
-0.557853,0.516309,1
-0.930752,0.209343,2
0.985489,-0.502309,2
0.919927,-0.289473,2
-0.447778,-0.851583,0
-0.941357,-0.431255,3
-0.559871,-0.150501,0
-0.250713,0.918410,2
-0.692324,0.147577,2
-0.509243,0.705794,1
-0.247779,0.695874,1
-0.196285,-0.596092,0
-0.811369,-0.748198,0
-0.408883,0.366115,1
0.002609,-0.355676,2
-0.538430,0.444757,1
-0.839368,-0.469182,0
-0.345900,-0.853879,0
0.028509,-0.425973,2
-0.143352,0.580731,1
-0.277556,-0.084709,3
-0.850524,0.162572,2
0.764790,-0.101236,2
0.080983,-0.927534,2
-0.953659,0.571739,2
0.778260,-0.201438,2
0.267613,-0.418025,1
0.202470,0.456244,0
-0.166224,0.793586,2
-0.177641,0.836386,2
-0.562090,0.283928,1
0.281142,-0.401457,1
0.814746,0.935242,3
-0.255336,-0.156745,3
-0.490731,0.601312,1
-0.576014,0.231713,1
-0.483397,-0.426538,0
-0.605715,-0.718607,0
0.472226,0.475268,0
-0.646141,0.518568,1
0.047007,-0.867881,2
-0.682870,-0.685381,0
-0.285906,0.519599,1
0.770863,0.547870,0
0.313185,-0.406778,1
0.384256,0.751096,0
0.877150,-0.334602,2
-0.650362,0.691896,1
-0.399360,0.094302,2
-0.464849,0.109909,1
-0.304386,-0.040863,3
-0.658378,0.212217,1
0.532599,-0.264094,1
0.493609,0.004826,3
-0.788826,0.847468,2
-0.476607,0.258181,1
0.979587,-0.159477,2
0.572800,-0.306319,1
-0.639878,0.343663,1
-0.758449,0.673308,1
0.936885,0.625807,3
0.424403,0.814035,0
-0.708795,0.774042,1
0.505931,-0.108155,1
-0.131656,-0.958918,3
-0.998246,0.563958,2
0.000219,-0.656624,2
-0.223825,-0.467181,0
0.079282,-0.730216,2
0.537645,0.290456,0
-0.882748,-0.938962,3
-0.451363,-0.903160,3
-0.098439,-0.878563,3
-0.209480,0.261683,1
0.465100,0.032072,3
-0.065009,0.401985,2
-0.342121,-0.640606,0
0.216020,-0.050916,2
-0.866564,-0.278048,3
0.840929,0.001780,3
-0.236966,0.842683,2
-0.434262,0.763253,1
-0.813941,0.341912,1
-0.703928,0.265341,1
0.611696,0.833717,0
-0.444203,0.728949,1
0.894755,0.104434,3
0.825788,-0.203684,2
0.225871,-0.383691,1
-0.942001,-0.309029,3
0.648380,-0.007010,2
-0.907043,-0.693741,3
0.352384,0.308977,0
0.255342,0.485820,0
-0.969071,0.096271,2
-0.512400,-0.206037,0
-0.061046,0.053338,2
-0.442784,0.125013,1
-0.604750,-0.146711,0
-0.609646,-0.993053,3
-0.312995,-0.053849,3
0.735895,-0.418240,1
-0.949415,0.561684,2
0.378075,0.276456,0
-0.822008,0.436074,1
0.967428,0.826373,3
-0.570936,-0.939615,3
-0.867369,0.781447,2
0.369362,0.387974,0
0.267267,0.400291,0
-0.515755,0.754867,1
-0.805746,0.423200,1
-0.191795,-0.248529,0
-0.451787,0.203456,1
0.604759,-0.061433,2
0.210402,-0.708235,1
0.884718,-0.053702,2
-0.126476,0.935303,2
-0.492019,-0.748400,0
0.211759,-0.314026,1
0.687674,0.179187,0
-0.487654,-0.883263,0
0.239572,-0.355022,1
0.898185,-0.391066,2
-0.967049,0.165452,2
-0.990775,-0.482803,3
-0.079680,-0.796520,3
0.940396,0.728525,3
-0.045049,-0.511391,3
-0.068019,-0.440290,3
0.427176,-0.857617,1
-0.148525,0.311894,1
0.088680,0.724999,3
0.247197,0.596662,0
0.976599,-0.541044,2
-0.717365,0.664273,1
0.638144,-0.205019,1
0.781010,-0.122284,2
0.439959,0.679195,0
0.486650,0.472911,0
-0.155352,0.495876,1
0.990107,0.764967,3
0.699355,0.930503,3
0.493492,-0.345694,1
-0.580887,-0.574527,0
0.214016,0.846288,3
-0.432145,-0.934509,3
0.158182,0.656536,0
0.790490,-0.594621,1
0.253197,0.767089,0
-0.135664,0.535833,1
0.431362,-0.497521,1
-0.669186,0.212372,1
0.380195,0.770773,0
-0.108433,-0.133155,3
0.243683,0.736215,0
-0.637279,0.233791,1
0.501182,-0.937924,2
0.164294,-0.005326,2
-0.283618,0.583407,1
0.420147,0.930398,3
0.429695,0.988002,3
0.995889,-0.412123,2
0.644538,0.786379,0
-0.006744,-0.102264,3
0.553467,0.857592,0
-0.566432,-0.015171,3
-0.639929,-0.235618,0
-0.802799,0.740266,1
-0.464845,0.088768,2
-0.392889,0.778839,1
-0.175017,-0.030168,3
0.012630,-0.673835,2
0.031909,-0.823076,2
0.320839,0.748291,0
0.760330,-0.259014,1
0.678689,0.190025,0
-0.271012,0.674578,1
0.777902,-0.626473,1
0.460956,-0.228841,1
0.271262,0.014424,3
-0.371250,0.704831,1
0.999253,-0.011179,2
-0.530787,-0.803546,0
-0.270913,0.004368,2
0.285222,0.336199,0
-0.216793,-0.889795,3
-0.693969,0.795837,1
-0.563630,0.337940,1
0.972761,0.757209,3
0.086230,0.733091,3
-0.501805,-0.235081,0
-0.076884,0.227183,2
-0.560503,-0.298981,0
0.600710,0.900454,3
0.472177,-0.128028,1
-0.085123,-0.899073,3
-0.423197,-0.085870,3
0.089749,0.046016,3
0.110584,0.818836,3
-0.949616,-0.604194,3
0.155035,-0.166408,2
-0.493988,0.461066,1
-0.370571,-0.057618,3
-0.200994,-0.397811,0
-0.300409,0.885236,2
-0.664720,0.197786,1
-0.349845,0.258397,1
-0.575031,0.089652,2
0.959415,-0.974321,2
-0.009894,0.431592,2
-0.102349,0.904983,2
0.532519,0.474454,0
-0.180886,-0.377732,0
-0.479530,0.929698,2
-0.558896,-0.429146,0
-0.674496,0.596139,1
0.404446,-0.168484,1
0.057205,-0.966125,2
0.773898,0.856210,3
-0.363936,-0.526512,0
0.741446,-0.028655,2
0.671274,-0.608398,1
-0.770259,-0.903757,3
0.481254,-0.810844,1
-0.878078,-0.528640,0
0.620748,0.019573,3
-0.623657,0.153267,1
-0.505973,0.195457,1
0.775535,0.014497,3
0.125155,-0.783361,2
0.585351,0.450659,0
0.812778,-0.010202,2
-0.717825,-0.130018,3
0.023673,-0.943927,2
-0.273807,0.659737,1
-0.470439,-0.532361,0
-0.368919,-0.799166,0
-0.140759,-0.139177,3
-0.702923,-0.659505,0
0.049979,-0.581001,2
-0.188145,-0.329273,0
0.438571,0.188198,0
0.823994,0.932598,3
-0.616345,0.599529,1
-0.052904,0.508810,2
0.816168,-0.467553,1
-0.040531,0.628946,2
0.522245,0.241644,0
-0.501072,-0.454083,0
0.297717,0.225121,0
-0.794346,0.827278,2
0.692760,-0.163264,1
-0.971888,-0.447999,3
0.697558,-0.674811,1
-0.107504,-0.252463,3
-0.255812,0.704351,1
0.418264,-0.817241,1
-0.107450,0.242257,2
-0.884642,0.276205,2
-0.158214,0.062453,2
-0.214986,-0.342046,0
0.594900,0.744483,0
-0.713100,0.117145,2
-0.013873,-0.214172,3
0.663063,-0.716156,1
-0.989051,0.868717,2
-0.888878,0.703710,2
-0.294547,-0.860766,3
-0.744289,-0.596989,0
-0.535577,0.148207,1
0.150548,0.208610,3
-0.147441,-0.431189,0
0.391369,0.745108,0
0.811069,0.506727,0
0.021313,-0.347145,2
-0.430820,0.806327,1
0.310810,-0.835920,1
0.550810,0.597710,0
0.281226,-0.463062,1
-0.616462,-0.055712,3
-0.179218,-0.605513,0
-0.186995,-0.068096,3
-0.901803,0.518458,2
0.071138,-0.646092,2
0.921469,0.535560,3
0.502115,0.072016,3
-0.255829,-0.645326,0
0.640828,-0.864460,1
-0.900218,0.451897,2
0.642267,0.121095,3
-0.895248,-0.788553,3
-0.072578,0.415561,2
-0.624472,-0.521768,0
0.013271,0.656753,3
0.015170,0.396809,3
-0.398959,0.835952,1
0.791297,0.414046,0
-0.232144,0.889494,2
-0.067496,0.838994,2
-0.756598,-0.146028,3
0.374555,0.745517,0
0.925989,-0.881275,2
-0.899810,0.566817,2
-0.745735,-0.800028,0
0.018713,0.896532,3
0.321067,0.123465,3
-0.892020,-0.751511,3
-0.460974,-0.516493,0
-0.273279,0.552298,1
-0.859740,0.741891,2
-0.050893,-0.258698,3
0.577844,-0.259596,1
-0.844652,-0.654300,0
-0.370102,0.087852,2
-0.815306,-0.126701,3
0.941824,0.559249,3
-0.381184,0.867813,1
0.677974,-0.280994,1
0.434630,0.932239,3
-0.081022,-0.546657,3
0.828772,-0.759955,2
0.576808,0.936751,3
-0.511466,-0.884166,0
-0.579741,0.215255,1
0.668132,-0.439481,1
-0.042854,-0.382761,3
0.301821,-0.465010,1
0.357643,0.457169,0
-0.119310,0.987540,2
-0.454979,0.065384,2
-0.139161,-0.513155,0
-0.375368,0.479655,1
-0.645342,-0.697394,0
-0.801339,0.789288,2
-0.765154,0.117639,2
-0.757368,-0.936382,3
0.357685,0.819440,0
-0.999631,0.846219,2
0.935274,-0.579372,2
0.061474,0.603406,3
-0.018853,-0.981379,3
-0.779355,-0.717033,0
-0.446389,0.578288,1
0.740136,0.434300,0
0.565829,-0.714843,1
-0.500316,-0.573332,0
-0.227998,0.124317,2
0.906323,0.126660,3
0.426923,-0.895016,2
-0.084051,0.661769,2
0.222623,0.158580,3
0.725387,-0.419692,1
-0.021980,0.725756,2
-0.573473,-0.086706,3
-0.853616,0.488001,1
-0.483299,0.127530,1
0.506622,-0.262654,1
0.410498,-0.939768,2
-0.684366,0.150634,1
0.494533,0.881463,0
0.435791,0.994217,3
-0.691869,-0.792208,0
0.118533,-0.785545,2
0.334452,-0.454543,1
-0.680561,-0.749599,0
-0.792774,0.542062,1
0.408981,0.932612,3
-0.877630,-0.612999,0
0.658368,-0.451103,1
0.300295,0.804752,0
-0.963101,0.816996,2
-0.067718,0.543520,2
-0.445658,-0.657220,0
0.603752,-0.130023,1
0.493414,0.098285,3
-0.248560,-0.070795,3
0.092502,0.059572,3
0.136997,-0.788965,2
0.274026,-0.528550,1
-0.243508,0.593465,1
-0.278149,-0.036282,3
0.135527,-0.869168,2
-0.103670,0.257898,2
-0.482167,-0.445302,0
0.806795,0.818128,3
-0.640550,0.843694,1
0.635125,0.291732,0
0.387214,-0.810533,1
0.634512,-0.009034,2
0.059444,0.127927,3
-0.910749,0.810884,2
-0.942869,0.181753,2
-0.129545,0.194129,2
0.392788,-0.855519,1
0.665578,-0.850720,1
0.737946,-0.612571,1
0.112998,-0.126527,2
-0.481740,-0.990672,3
-0.868629,0.036093,2
-0.435974,0.938166,2
-0.145778,-0.076524,3
0.781860,-0.510654,1
-0.784792,0.169074,2
-0.321187,0.849721,1
-0.839960,0.738257,2
-0.022352,-0.750709,3
0.549140,0.034779,3
0.431044,-0.580404,1
-0.771092,-0.176167,3
-0.435923,0.894486,1
-0.026887,-0.697977,3
-0.718085,-0.913889,3
0.175496,-0.199825,2
-0.904561,0.306867,2
0.836268,-0.340535,1
0.245033,-0.309510,1
0.582941,0.026893,3
0.179836,0.798149,3
-0.804034,0.858650,2
0.647870,-0.643994,1
0.596906,-0.374482,1
-0.394703,0.146047,1
0.660297,-0.963659,2
0.565642,0.889204,0
-0.139826,-0.870281,3
0.783690,0.833287,3
-0.568258,-0.934395,3
0.919398,0.607238,3
-0.134220,-0.985164,3
-0.085895,-0.297952,3
-0.325699,-0.840862,0
0.392538,-0.742758,1
0.186031,-0.427625,1
-0.944608,0.381997,2
-0.568976,0.703262,1
0.738003,-0.972069,2
-0.671220,-0.656700,0
0.173977,0.989076,3
-0.620358,-0.260380,0
0.878281,0.239816,3
-0.130661,0.661971,2
0.073102,0.301081,3
0.727576,-0.007500,2
-0.091681,-0.406644,3
0.007336,0.822424,3
0.295404,0.681638,0
0.981562,-0.312058,2
0.938880,0.167592,3
0.260317,0.994271,3
-0.450411,0.691342,1
0.697533,-0.712408,1
0.719272,-0.973687,2
-0.369108,-0.106750,3
-0.984611,0.010534,2
0.632870,0.893670,3
-0.749651,-0.497791,0
0.555641,0.323452,0
0.803290,0.283217,0
-0.684048,-0.288391,0
0.876573,0.323288,3
-0.465967,0.171977,1
0.004926,-0.484406,2
0.859920,-0.056194,2
0.683187,0.120237,3
-0.061923,-0.767224,3
-0.188422,-0.364390,0
-0.479632,-0.469149,0
-0.338077,0.151260,1
0.424100,-0.322688,1
-0.838207,0.056970,2
-0.429018,-0.587857,0
0.559179,-0.873376,1
0.735594,0.362469,0
0.409841,-0.948454,2
-0.925922,0.286414,2
0.374834,-0.391890,1
-0.541609,-0.620240,0
0.123705,-0.681689,2
0.323565,-0.193108,1
0.438547,-0.738358,1
0.039667,-0.749874,2
-0.102748,0.560035,2
-0.219024,0.559175,1
-0.288705,-0.794923,0
-0.763513,-0.126912,3
0.262047,-0.192531,1
0.285231,-0.178774,1
-0.065907,0.020825,2
-0.816305,-0.656066,0
0.072371,-0.742227,2
0.630348,-0.552795,1
-0.134117,-0.911261,3
-0.173035,0.989588,2
-0.592950,-0.849470,0
-0.203520,0.845597,2
-0.587828,0.836147,1
-0.904277,0.309424,2
0.396183,-0.123301,1
-0.131401,-0.892523,3
0.081776,0.105085,3
-0.019434,-0.656177,3
0.912554,-0.734203,2
0.165049,-0.153353,2
0.286622,0.348744,0
0.190580,-0.641008,1
0.606517,-0.179072,1
-0.193803,-0.527600,0
-0.090333,0.633162,2
-0.538012,0.316716,1
0.783692,0.258468,0
0.162313,-0.804137,2
0.094615,0.258036,3
0.505287,-0.509202,1
-0.865265,-0.626114,0
-0.401725,0.216511,1
0.478971,0.578841,0
0.560334,0.391526,0
0.844637,-0.274617,2
-0.761828,0.131259,2
-0.925874,0.428753,2
0.490251,0.680643,0
-0.750319,-0.703552,0
-0.846957,0.159348,2
0.929610,-0.384969,2
-0.523936,0.713302,1
0.873499,0.638377,0
0.909165,-0.031886,2
-0.103587,0.414453,2
0.458912,0.031148,3
0.788338,-0.942813,2
-0.752341,0.267310,1
0.636028,0.807992,0
-0.341165,0.480665,1
-0.466625,-0.102992,0
-0.388076,-0.392499,0
-0.674240,-0.897825,3
-0.711855,-0.424559,0
-0.601376,-0.558812,0
0.734789,-0.671766,1
0.056219,-0.789148,2
-0.958464,-0.070282,3
0.849229,0.950701,3
0.897832,-0.254358,2
0.365154,0.356744,0
0.776790,0.153492,3
0.413931,-0.975551,2
-0.579198,0.049959,2
0.832442,0.079637,3
-0.469376,-0.634183,0
0.976645,0.142548,3
-0.026682,-0.697595,3
0.244723,0.261463,0
-0.122154,0.643347,2
0.702650,-0.387365,1
0.971581,-0.241131,2
-0.176513,-0.986884,3
0.688587,-0.327284,1
0.963817,0.586420,3
0.418359,0.328971,0
-0.056836,0.195149,2
-0.517537,-0.642906,0
0.219598,-0.096735,2
0.407053,0.052040,3
0.982902,0.937677,3
0.417856,0.959547,3
0.080224,-0.608826,2
-0.738048,-0.675053,0
0.652637,0.139798,0
0.968294,0.355288,3
0.752432,0.939874,3
-0.885843,-0.424081,0
0.952991,0.802744,3
0.248636,0.916808,3
0.389164,-0.333006,1
0.245779,-0.667672,1
0.862144,0.728243,3
-0.310578,0.081742,2
-0.368493,-0.903525,3
-0.866218,-0.385591,0
-0.965848,0.551638,2
-0.426044,0.114376,1
0.942813,-0.164092,2
0.439323,0.595450,0
0.975705,0.407617,3
-0.049263,0.728138,2
0.347492,0.064894,3
-0.695943,0.300482,1
-0.132361,0.552693,1
0.217291,-0.743197,1
-0.780313,-0.536930,0
-0.410870,-0.918169,3
-0.808688,0.278552,1
0.163573,-0.177180,2
0.375027,0.297354,0
0.437229,0.409179,0
-0.151007,-0.988814,3
-0.476445,-0.208195,0
-0.152907,0.962878,2
-0.612745,-0.177201,0
0.370496,0.337992,0
-0.449064,-0.282013,0
-0.597114,-0.145007,0
-0.981530,0.270525,2
-0.592314,0.235760,1
0.527327,-0.372627,1
0.698830,-0.883543,2
-0.290796,0.890143,2
0.395010,0.872777,0
-0.287037,-0.229963,0
0.170131,-0.849808,2
-0.820784,-0.980877,3
-0.838622,-0.297229,0
-0.189071,0.008471,2
-0.334351,0.198183,1
0.831270,-0.963855,2
-0.463825,-0.617794,0
-0.245868,-0.060939,3
0.237199,-0.227398,1
-0.790414,0.644885,1
-0.991637,0.736913,2
-0.727742,0.707193,1
0.853370,-0.018538,2
0.597336,0.248380,0
-0.145762,-0.689701,3
-0.981584,-0.975631,3
-0.539509,-0.802368,0
-0.956507,-0.378131,3
-0.099597,-0.145579,3
0.630340,0.566052,0
-0.947396,0.461609,2
0.602198,-0.411220,1
0.843815,-0.643670,1
0.527841,0.081014,3
0.128932,0.737426,3
-0.274101,0.137295,2
0.474339,-0.001843,2
-0.155512,0.327709,1
0.979619,-0.558176,2
-0.423911,-0.166143,0
-0.247877,-0.405495,0
-0.141774,0.212615,2
-0.207863,-0.098282,3
0.834484,0.692540,0
0.756139,0.464823,0
0.258592,0.808744,0
-0.073567,-0.139210,3
-0.602477,-0.229752,0
0.217120,0.925364,3
0.851262,-0.653947,1
0.662790,-0.422839,1
0.483348,0.137129,0
0.575318,-0.672164,1
-0.535162,0.554937,1
-0.230340,0.040927,2
-0.611207,0.521784,1
0.635432,0.247019,0
-0.265602,-0.572431,0
-0.851263,-0.431118,0
-0.879891,0.904877,2
-0.966294,0.378701,2
0.713620,-0.039862,2
-0.760508,-0.888856,3
0.730386,0.456612,0
-0.963492,0.581649,2
0.802664,0.699298,0
-0.841190,0.286012,2
-0.163573,0.734128,2
0.613848,0.301265,0
0.289064,-0.616492,1
-0.657808,0.677857,1
0.905292,0.977624,3
-0.075124,-0.360310,3
-0.594808,0.073613,2
0.208573,-0.474699,1
-0.021510,0.242278,2
0.904003,-0.307890,2
-0.797583,-0.856506,3
-0.196746,0.932803,2
0.600106,-0.160238,1
0.514452,0.402770,0
-0.460940,0.673261,1
-0.311218,0.375486,1
0.407389,-0.697370,1
-0.323248,-0.303547,0
-0.313862,0.018943,2
-0.625690,-0.408570,0
-0.003433,0.299187,2
0.231120,0.401760,0
-0.627200,-0.560307,0
0.927061,0.351290,3
0.681971,0.831064,0
-0.956600,0.884387,2
0.974558,-0.153346,2
0.817191,0.574664,0
0.686416,0.331642,0
-0.022566,-0.774524,3
0.004904,0.666216,3
0.600962,-0.587707,1
0.968846,-0.722287,2
0.108746,-0.345016,2
0.296657,0.483056,0
0.246414,-0.706776,1
-0.217757,-0.522466,0
0.694984,0.155043,0
-0.082773,0.622045,2
-0.493667,-0.400802,0
0.453108,-0.450267,1
-0.516415,0.427666,1
0.396387,-0.699224,1
0.002331,0.082803,3
0.632418,0.979765,3
0.308279,-0.362678,1
0.645982,-0.090759,2
0.049614,0.614828,3
0.186954,-0.841640,2
-0.730188,-0.516389,0
0.641417,0.516226,0
-0.223165,-0.576340,0
0.993760,-0.528181,2
0.578702,-0.089013,2
-0.906137,-0.914965,3
0.510184,0.546971,0
-0.365232,0.993769,2
-0.025362,-0.968845,3
-0.705455,0.976968,2
0.113959,0.926962,3
0.956733,-0.577763,2
-0.435716,0.602715,1
0.331478,0.613898,0
0.217543,-0.481568,1
0.772258,0.487355,0
0.002043,0.413675,3
0.003581,0.778879,3
0.837334,-0.002660,2
-0.749303,0.416037,1
0.908327,-0.655440,2
0.501072,0.418511,0
0.891532,-0.864160,2
0.412280,-0.133830,1
-0.833004,0.706825,1
-0.156862,0.280954,2
0.633787,-0.200128,1
0.703192,-0.801929,1
-0.597413,0.034670,2
0.811969,0.620129,0
0.553102,0.584228,0
0.107484,-0.444854,1
-0.002098,-0.888935,3
-0.665976,-0.164763,0
0.108405,-0.415278,2
-0.748726,0.016732,2
-0.070718,0.752346,2
-0.564757,-0.179186,0
0.888186,0.847523,3
0.686983,-0.944818,2
0.554348,-0.469878,1
0.336136,0.188135,0
0.329993,0.039328,3
0.386206,0.732580,0
-0.926002,0.198175,2
0.352709,0.627100,0
-0.217598,-0.539807,0
-0.817754,0.780305,2
-0.428742,-0.483730,0
-0.384458,0.679663,1
0.100992,-0.133184,2
-0.303605,-0.969726,3
-0.380839,0.131638,1
-0.148912,-0.492653,0
-0.020839,-0.461929,3
-0.437471,-0.466491,0
0.068193,0.898666,3
0.721643,-0.601814,1
-0.062006,0.107849,2
-0.869234,0.011992,2
-0.693976,0.483475,1
-0.360908,0.088426,2
0.943668,-0.178662,2
-0.131269,-0.485074,0
0.337609,0.484273,0
-0.805412,-0.561399,0
-0.648911,-0.109017,3
-0.531125,-0.029750,3
-0.977379,0.319962,2
0.477598,0.001782,3
0.858034,-0.959873,2
0.535291,-0.073774,2
0.938792,0.256934,3
0.324412,-0.123214,2
-0.635217,0.455178,1
0.888778,-0.329193,2
-0.061347,-0.472130,3
0.759233,-0.117679,2
0.349208,-0.372035,1
0.397246,-0.313184,1
-0.887762,0.591835,1
0.125417,-0.536673,1
-0.517182,0.594291,1
0.433577,-0.494561,1
-0.085746,-0.088825,3
0.507221,-0.227713,1
-0.048698,0.042512,2
0.698514,-0.109905,2
-0.700554,0.022926,2
0.766881,-0.335771,1
-0.521896,0.655658,1
0.335036,0.416757,0
-0.816472,0.094270,2
-0.700922,0.532735,1
0.722235,0.696324,0
-0.780448,0.834473,2
0.288159,0.344969,0
-0.702200,0.770977,1
-0.060740,0.731377,2
-0.723584,0.853513,2
-0.357448,0.783638,1
-0.374199,0.593854,1
-0.173850,-0.675686,0
-0.516051,0.125596,1
0.347240,-0.749171,1
0.789825,0.825345,3
0.906487,0.124862,3
0.242102,-0.909985,2
-0.780869,0.541180,1
0.622751,0.941366,3
0.237504,0.842302,3
0.775839,-0.474337,1
0.187271,-0.926361,2
-0.703360,-0.873469,3
0.805016,-0.426944,1
0.980044,-0.552432,2
-0.643306,-0.394155,0
-0.958578,0.182844,2
-0.069841,-0.474629,3
-0.691560,-0.722601,0
-0.223800,-0.901735,3
-0.897256,-0.317313,3
0.223127,0.344845,0
-0.227298,0.442258,1
-0.113975,-0.604547,0
0.383625,-0.876471,1
-0.762245,0.159464,2
-0.350808,0.425026,1
0.233103,-0.054167,2
0.551557,0.038119,3
0.518889,0.531601,0
0.485687,0.875583,0
-0.862555,0.527110,1
0.058427,0.067604,3
-0.947519,0.366867,2
0.345003,-0.171319,1
0.465132,0.447747,0
0.511368,-0.311741,1
-0.207408,-0.715930,0
-0.869482,0.678618,2
-0.320477,0.514142,1
0.802147,-0.082722,2
-0.326394,-0.548660,0
-0.657695,0.906709,2
0.397172,0.893861,3
-0.055171,-0.083939,3
0.425462,-0.569484,1
-0.208356,0.562908,1
0.957626,0.850071,3
-0.369488,-0.989893,3
0.216938,0.975515,3
-0.161213,-0.317929,0
0.423262,-0.649845,1
0.370330,-0.784146,1
-0.365774,0.500847,1
0.894472,0.313749,3
0.014990,0.696619,3
-0.768973,0.688596,1
-0.852041,-0.426668,0
0.595305,0.545131,0
-0.532807,-0.459866,0
-0.538808,0.892655,1
-0.029350,0.252836,2
0.455563,-0.071724,2
0.102908,-0.913925,2
-0.061618,-0.680154,3
-0.938410,0.777170,2
0.001916,0.484852,3
-0.872675,-0.627754,0
0.700706,-0.238449,1
0.873094,0.595178,0
-0.924700,-0.111917,3
0.291797,-0.693673,1
-0.423321,0.439756,1
-0.120341,-0.828015,3
-0.015113,0.346853,2
-0.287882,0.446079,1
0.239508,0.682768,0
-0.301085,-0.304929,0
-0.388956,0.801823,1
-0.218855,0.549426,1
-0.878331,-0.157265,3
0.326596,0.123585,3
-0.672413,0.453921,1
0.495831,-0.971707,2
-0.784528,0.368924,1
0.623471,-0.709228,1
-0.742992,-0.084732,3
-0.402901,-0.166313,0
-0.644976,0.476758,1
0.005672,0.339911,3
-0.176389,0.717790,1
-0.214010,-0.936881,3
0.400558,0.484905,0
-0.241811,-0.988398,3
0.286728,0.539334,0
0.561028,0.408396,0
-0.617931,-0.112376,3
-0.468019,-0.290344,0
-0.658455,-0.972188,3
-0.262052,-0.442983,0
0.396737,-0.638581,1
-0.152211,0.653745,1
0.276687,0.444888,0
-0.512568,0.631711,1
-0.078354,0.493104,2
-0.028378,0.745257,2
0.210894,0.757612,0
0.808376,-0.388548,1
0.242518,-0.433435,1
-0.376946,-0.470754,0
-0.894100,-0.815919,3
0.937642,-0.512031,2
0.071705,-0.530376,2
0.197625,0.413250,0
-0.502564,0.935573,2
0.970267,0.894173,3
-0.703008,-0.181945,0
0.547917,0.573679,0
-0.737057,-0.964651,3
0.205390,0.184589,3
0.528453,-0.822987,1
-0.070154,-0.260653,3
0.934625,-0.261778,2
0.350798,0.177143,0
0.304788,0.973852,3
0.706389,0.410687,0
-0.842067,0.644031,1
0.898656,0.229639,3
-0.886345,0.096280,2
-0.357111,-0.388909,0
0.031853,-0.386845,2
-0.494737,0.328845,1
0.431211,-0.946819,2
-0.097476,0.694154,2
-0.911470,-0.892085,3
-0.121257,0.616983,1
-0.715072,0.808590,1
-0.643670,-0.780447,0
-0.453188,0.707128,1
0.396696,0.851600,0
0.680980,0.103085,3
0.262287,0.838913,3
-0.252884,0.160943,2
0.068552,-0.139229,2
-0.742777,0.711441,1
0.471862,0.289077,0
-0.675404,0.977125,2
-0.382078,0.755807,1
-0.969694,0.520446,2
0.449961,-0.881164,1
0.628361,-0.671296,1
0.735819,0.913288,3
-0.862706,-0.907851,3
-0.867159,-0.315894,3
0.799277,0.529537,0
-0.464294,0.480257,1
-0.367378,0.797993,1
0.319171,0.379739,0
-0.041064,-0.612277,3
-0.759490,0.216159,1
-0.900836,0.712371,2
-0.494764,-0.576240,0
0.689496,0.123157,3
-0.820433,0.719802,1
-0.356397,0.629528,1
0.838639,-0.728036,2
0.958232,0.574458,3
-0.814748,-0.904473,3
0.666607,-0.681907,1
-0.220367,0.465885,1
0.847631,0.315339,0
-0.053858,-0.519747,3
0.113332,-0.734687,2
0.859992,-0.927732,2
-0.346965,-0.899499,3
0.288427,-0.247801,1
0.812873,0.793662,3
0.175959,0.502369,0
-0.083180,0.355525,2
0.222172,0.560423,0
-0.014946,0.060810,2
0.832387,-0.056714,2
-0.364732,-0.982361,3
0.038813,-0.698124,2
-0.664267,0.818446,1
0.767761,-0.816636,2
0.133785,-0.286098,2
-0.336383,-0.752883,0
-0.020785,-0.476392,3
-0.680616,0.632250,1
-0.375890,0.607811,1
-0.615551,-0.563018,0
0.401474,0.560408,0
0.939351,-0.681707,2
-0.084067,0.161523,2
0.878716,0.900987,3
-0.777667,0.711104,1
-0.155727,-0.142399,3
0.728743,0.883085,3
0.159477,-0.935524,2
0.701531,-0.072762,2
-0.752160,-0.164685,3
0.641140,-0.088544,2
0.082432,-0.379645,2
0.435065,0.401816,0
-0.747395,-0.940826,3
0.009627,-0.362946,2
-0.503843,-0.588899,0
-0.802538,-0.564492,0
-0.270606,0.113395,2
0.597030,-0.391890,1
0.014382,0.819363,3
-0.680786,0.858654,2
-0.323035,-0.952043,3
0.741740,0.836442,3
-0.887567,0.443270,1
-0.236320,-0.639727,0
-0.721415,-0.595180,0
0.271729,0.361017,0
0.025175,-0.293206,2
-0.237167,0.277780,1
-0.234032,0.772460,1
0.914834,0.262125,3
-0.816439,-0.887704,3
0.697633,-0.087045,2
0.225691,0.294663,0
0.521065,-0.759927,1
0.114026,0.840279,3
-0.901273,0.790991,2
0.888237,0.840466,3
0.627433,-0.999330,2
0.283737,-0.608888,1
-0.639058,0.562322,1
-0.204068,0.632672,1
-0.076661,0.821106,2
-0.660535,0.686172,1
0.098886,0.105434,3
0.458633,0.013720,3
-0.632441,0.642194,1
0.126016,-0.934809,2
-0.444851,-0.648293,0
0.359854,-0.923786,2
-0.408220,-0.526120,0
0.916494,-0.309493,2
-0.735129,0.804730,1
-0.469026,0.892304,1
0.805400,0.814710,3
-0.716584,-0.833658,0
0.377032,0.079347,3
0.799014,-0.699628,1
-0.099546,-0.861521,3
0.986544,0.999340,3
0.243913,0.445177,0
0.013061,0.611472,3
0.087370,-0.860923,2
0.676663,0.642519,0
-0.509216,0.036517,2
0.718733,0.082565,3
0.510397,0.635226,0
0.773072,0.775268,0
0.439957,-0.695955,1
0.667571,0.245356,0
-0.881244,0.950987,2
0.411699,0.495788,0
0.030334,0.210712,3
0.796160,0.930788,3
0.349192,0.782703,0
0.930129,-0.406895,2
0.227880,-0.056811,2
-0.795424,-0.684750,0
0.082266,0.881239,3
0.957769,0.573050,3
-0.082245,0.676502,2
-0.344385,-0.571848,0
0.311729,-0.571313,1
-0.796580,-0.248315,0
-0.267268,0.870991,2
0.997042,-0.148512,2
0.821978,0.408740,0
-0.652724,-0.147688,0
-0.380547,-0.856565,0
-0.216900,0.968644,2
0.926139,-0.286771,2
-0.438251,0.154018,1
0.656418,-0.233675,1
0.469269,-0.261316,1
-0.352437,0.427038,1
-0.688265,0.565319,1
0.103540,-0.032650,2
0.993471,-0.584731,2
0.396037,-0.803110,1
0.166954,-0.871231,2
-0.932119,0.163996,2
-0.019744,0.889859,2
-0.427264,0.327532,1
-0.257829,0.192188,1
0.470967,0.525272,0
0.160833,0.397106,0
-0.761499,0.722581,1
-0.448876,0.894919,1
-0.511094,-0.979607,3
-0.366397,0.136469,1
0.447430,-0.054662,2
-0.298212,-0.449030,0
0.912687,-0.304741,2
-0.033761,0.308724,2
-0.107850,-0.866807,3
0.437492,-0.039969,2
0.297188,-0.582251,1
-0.150110,0.869924,2
0.745281,0.592061,0
0.062112,0.216249,3
0.117333,-0.777055,2
-0.386646,0.355834,1
0.945526,0.164479,3
0.250753,-0.565568,1
0.184872,0.884356,3
0.570901,-0.367698,1
-0.170307,-0.727311,3
0.183272,-0.257619,1
-0.032052,-0.850489,3
-0.948895,0.860098,2
-0.717296,0.488597,1
-0.179871,0.579892,1
0.906346,0.670018,3
0.449816,0.651627,0
0.262080,-0.488072,1
-0.132124,-0.620587,0
-0.265127,0.481230,1
0.735246,-0.319601,1
-0.354291,-0.014001,3
0.114831,0.830580,3
-0.129646,-0.314268,3
-0.537118,0.700047,1
-0.041579,0.646155,2
-0.557572,0.926370,2
0.795666,-0.506467,1
0.786467,-0.921630,2
0.982130,-0.393404,2
0.658262,0.888476,3
-0.723386,0.108078,2
0.540103,0.538694,0
0.620007,-0.592021,1
0.918106,-0.645120,2
0.889209,0.653352,3
0.035279,-0.465082,2
-0.360649,-0.849890,0
-0.634502,0.509705,1
-0.164158,-0.171619,3
0.209753,0.794263,3
-0.525464,0.652181,1
0.720633,-0.729798,1
-0.854286,0.507100,1
-0.651428,-0.872156,3
-0.886304,-0.993166,3
-0.983680,-0.609690,3
0.114912,0.556423,0
0.929004,-0.265081,2
0.964402,0.847110,3
0.089799,0.853611,3
0.500463,-0.874922,1
-0.611471,-0.860186,0
-0.724812,-0.245973,0
0.649519,0.111030,3
0.582408,-0.140728,1
-0.094707,-0.943057,3
-0.488547,-0.374075,0
-0.672855,-0.342833,0
-0.866975,-0.324283,3
-0.214989,-0.753279,0
-0.317450,-0.198669,0
-0.362969,0.797462,1
-0.642246,-0.433965,0
-0.467619,-0.677844,0
-0.586855,0.622180,1
-0.824234,0.913607,2
0.747258,-0.435705,1
-0.946579,-0.977555,3
0.318322,0.702940,0
0.133475,-0.099270,2
-0.437787,-0.961233,3
-0.042327,0.073666,2
-0.335307,0.284818,1
0.730834,-0.202282,1
0.960534,-0.484155,2
0.044439,-0.356915,2
0.317176,0.681470,0
-0.559453,0.674930,1
-0.752496,-0.027072,3
0.997085,-0.339351,2
-0.404892,-0.827148,0
-0.425743,-0.657634,0
-0.262853,-0.372322,0
-0.635189,-0.944531,3
-0.669382,0.498286,1
-0.043802,-0.107169,3
0.537053,0.913871,3
0.966497,-0.798254,2
0.198689,0.697331,0
-0.000536,0.159223,2
-0.786824,-0.956097,3
0.802308,0.530352,0
0.725372,-0.757145,1
0.205281,0.972877,3
0.215783,0.202367,3
-0.366474,0.810891,1
0.375219,0.207783,0
-0.846743,-0.887635,3
0.835460,-0.481932,1
-0.832166,-0.833921,3
-0.983646,0.124033,2
0.058910,0.553407,3
0.037904,0.025407,3
0.755153,-0.763407,1
-0.277262,-0.245383,0
0.395816,-0.064086,2
-0.201481,0.198124,2
-0.533735,-0.476108,0
0.440979,0.671547,0
-0.503231,-0.343238,0
-0.126086,0.130295,2
-0.532346,-0.750868,0
-0.661923,-0.379089,0
-0.638502,-0.826462,0
0.138979,-0.470668,1
-0.660384,0.155333,1
0.653365,0.398526,0
-0.291260,-0.308731,0
-0.576067,-0.536107,0
-0.072138,0.146671,2
0.218509,-0.676322,1
-0.917415,-0.982971,3
0.521802,-0.451150,1
-0.459080,-0.037219,3
-0.779603,0.037689,2
0.619543,0.094311,3
-0.832016,-0.912803,3
0.343443,-0.493939,1
-0.291892,0.704941,1
-0.320401,0.847087,1
-0.765727,0.019215,2
0.002420,0.887638,3
-0.582259,0.711160,1
-0.421093,-0.158326,0
-0.824947,0.506768,1
0.988345,0.393562,3
0.830446,-0.929071,2
0.410591,0.352248,0
-0.380221,0.951511,2
-0.684971,-0.159824,0
-0.010800,0.934572,2
0.934487,0.157184,3
-0.978231,0.277930,2
0.663245,-0.270123,1
-0.017129,-0.657157,3
-0.423036,0.217144,1
0.362058,0.579384,0
0.104782,0.779799,3
0.290544,0.683689,0
-0.378527,0.465596,1
0.190457,-0.390182,1
-0.140842,0.020903,2
-0.319253,-0.730251,0
-0.626849,0.300526,1
-0.778740,-0.311820,0
-0.859298,0.210460,2
-0.377248,-0.924811,3
-0.632356,-0.355479,0
0.353119,-0.969111,2
0.374398,-0.664010,1
-0.626268,0.951362,2
0.553134,0.735791,0
0.530746,-0.342084,1
0.515590,-0.178710,1
-0.658395,-0.862937,0
-0.713114,0.532062,1
-0.253120,0.146044,2
-0.447035,0.427627,1
0.415792,-0.073884,2
-0.271846,0.637052,1
0.614296,-0.131144,1
-0.152488,-0.762952,3
-0.055955,0.215156,2
-0.118431,-0.702836,3
0.246045,-0.744033,1
-0.366846,0.619777,1
-0.792670,-0.813711,3
0.355568,0.738076,0
-0.155795,-0.128842,3
-0.440635,0.185810,1
0.008220,-0.153749,2
-0.282128,0.755101,1
0.992295,0.270837,3
0.182728,0.408087,0
-0.803048,0.910882,2
0.045139,0.811248,3
-0.220262,0.892650,2
-0.951704,0.723783,2
0.107806,-0.070135,2
-0.979053,-0.646149,3
0.185832,-0.345898,1
0.973629,0.393162,3
-0.159610,0.329197,1
0.131238,0.684595,3
-0.799646,0.690603,1
-0.129595,0.208575,2
-0.463146,0.588277,1
-0.036324,-0.470851,3
-0.140886,-0.853596,3
0.937236,0.056066,3
-0.942714,-0.017626,3
-0.132686,-0.162976,3
-0.124975,-0.084391,3
-0.439193,0.982831,2
0.845474,-0.418245,1
-0.663317,0.031306,2
0.235857,-0.689689,1
-0.575532,-0.923753,3
0.639508,0.555706,0
0.760842,0.839862,3
0.246310,-0.368753,1
0.048437,0.783164,3
-0.780475,-0.987887,3
-0.687687,0.078638,2
-0.841483,-0.750451,3
-0.865296,-0.784197,3
0.231923,0.002018,3
0.052827,-0.893052,2
0.917627,0.613635,3
-0.910221,0.763101,2
-0.804611,-0.573538,0
-0.205592,0.431246,1
-0.263227,0.218876,1
0.507493,-0.623719,1
-0.225417,0.268335,1
-0.783856,-0.979108,3
0.899583,0.264581,3
0.804056,-0.880893,2
0.276694,-0.883631,2
0.197745,0.435211,0
-0.634082,0.332449,1
0.651015,0.597841,0
-0.665533,-0.296158,0
0.704789,-0.747906,1
-0.682523,0.794568,1
-0.984805,-0.487134,3
-0.778970,-0.190397,3
0.944112,-0.042196,2
-0.971521,0.451605,2
0.334085,-0.196938,1
-0.280060,0.550229,1
-0.176046,-0.380477,0
-0.185190,-0.371990,0
-0.261370,-0.908496,3
-0.255621,0.936375,2
0.526715,0.110297,0
0.268824,0.177730,0
-0.291862,0.603291,1
0.881572,-0.587073,1
0.855385,-0.800952,2
-0.792504,0.870581,2
-0.288086,-0.571474,0
-0.319816,-0.343973,0
0.386330,-0.291337,1
-0.892368,-0.279585,3
0.511725,-0.172428,1
-0.729356,-0.664321,0
0.447094,0.085454,3
-0.036311,-0.814276,3
0.176958,0.708068,0
-0.877901,-0.296327,3
-0.181634,0.390923,1
0.881403,0.526504,0
-0.005786,0.762975,2
0.939431,-0.150401,2
0.962023,-0.853073,2
-0.279820,-0.326063,0
-0.424547,0.400363,1
0.329964,0.961784,3
-0.890974,0.437596,1
-0.317801,0.620752,1
-0.734833,-0.047157,3
0.956431,0.712262,3
-0.961702,-0.079880,3
0.897986,0.215256,3
-0.371812,-0.979915,3
0.918929,0.446554,3
0.411008,0.800333,0
-0.026942,-0.594778,3
0.563307,-0.087510,2
0.254821,0.525330,0
0.059417,0.975000,3
-0.800732,0.634870,1
0.375364,0.529232,0
0.596654,0.484390,0
-0.033172,-0.721147,3
0.105142,0.231995,3
0.231696,0.061572,3
-0.055743,0.269994,2
0.981692,-0.157758,2
-0.514750,-0.390120,0
-0.137673,-0.595820,0
-0.943566,-0.726665,3
-0.795488,0.029492,2
-0.321444,0.767820,1
0.941982,0.933377,3
0.293150,0.001398,3
0.908377,0.492418,3
-0.363731,0.283741,1
0.021649,-0.767078,2
-0.231869,0.988477,2
-0.488225,0.873273,1
0.220472,0.743472,0
-0.065155,-0.835272,3
0.013466,-0.083464,2
0.006971,0.498716,3
0.526416,0.869298,0
0.902896,0.582850,3
-0.857367,-0.892592,3
-0.387657,-0.178811,0
0.875228,-0.445676,1
-0.245434,0.168377,2
0.555723,-0.337057,1
-0.339205,-0.808009,0
0.946684,0.682444,3
-0.575086,-0.285185,0
0.670921,-0.063311,2
-0.411912,-0.108607,3
-0.319839,0.522932,1
0.056122,0.693626,3
-0.560532,-0.936908,3
0.192342,0.965885,3
0.932390,0.095238,3
0.548735,-0.924977,2
0.202646,-0.838922,2
-0.103788,0.077874,2
-0.284598,0.650778,1
-0.753749,-0.728875,0
-0.686279,-0.092954,3
-0.536884,-0.739595,0
-0.410510,-0.111970,0
-0.024780,-0.739589,3
0.824719,0.563308,0
0.151805,-0.495121,1
0.086240,-0.792074,2
-0.801494,0.525708,1
-0.728981,0.390848,1
0.491593,-0.796591,1
-0.513914,0.040328,2
-0.721568,0.688732,1
0.201406,0.174644,3
-0.233394,0.916808,2
-0.174579,0.012857,2
-0.812067,0.139142,2
0.919902,-0.348951,2
0.399547,-0.490607,1
0.539079,-0.625233,1
-0.230196,0.363798,1
0.938075,0.921609,3
0.868677,0.024314,3
-0.870465,-0.932818,3
-0.449978,-0.599447,0
0.458030,-0.958385,2
-0.396038,0.944116,2
0.081943,-0.117606,2
0.632848,-0.716651,1
-0.942962,-0.600546,3
-0.799843,-0.117541,3
0.412310,-0.611910,1
-0.978399,0.332213,2
0.039139,0.421148,3
0.841605,-0.421783,1
0.795915,-0.388591,1
0.942015,0.733990,3
-0.466982,0.810692,1
-0.241696,-0.337447,0
0.877874,0.308327,3
0.063106,0.335904,3
0.349942,0.667069,0
0.280020,-0.568115,1
-0.450537,-0.087132,3
-0.284766,-0.393499,0
0.312322,-0.084609,2
0.488960,-0.275368,1
0.303480,0.510561,0
-0.943155,-0.657381,3
-0.068291,0.898451,2
-0.079164,-0.272376,3
-0.490140,-0.137149,0
-0.538386,0.042878,2
-0.326457,0.219918,1
0.705431,-0.448583,1
-0.471756,-0.231463,0
0.887321,0.878186,3
-0.564395,0.167341,1
-0.689929,-0.014932,3
-0.919790,0.025305,2
0.591569,0.392532,0
0.940696,0.080529,3
-0.882836,0.244176,2
-0.408911,-0.825991,0
0.586795,0.522798,0
-0.927540,-0.492369,3
-0.749578,-0.417680,0
0.370483,-0.287964,1
0.625198,-0.955974,2
0.931954,0.330628,3
-0.404557,-0.539802,0
-0.900835,-0.517236,3
-0.661616,-0.465230,0
0.650105,-0.351544,1
0.519839,0.730315,0
0.673761,0.111408,3
0.122847,0.614456,0
-0.808064,0.240011,2
-0.141368,-0.216975,3
0.414020,-0.554573,1
-0.694177,0.486480,1
-0.046942,-0.443755,3
-0.931200,-0.676459,3
0.268281,0.693998,0
-0.632434,0.200235,1
0.024626,-0.036991,2
0.660433,0.123791,3
0.445773,0.998817,3
0.658561,0.095878,3
-0.352727,0.178400,1
-0.173806,-0.678967,0
-0.710193,0.949040,2
0.935489,-0.518257,2
0.189051,-0.205879,2
0.264769,-0.396928,1
0.239548,0.570592,0
-0.910448,-0.807394,3
-0.873163,-0.841648,3
-0.483853,0.395118,1
0.852350,-0.116287,2
-0.404647,-0.123024,0
0.846722,-0.744215,2
-0.999233,0.292495,2
-0.745397,0.659329,1
-0.611626,-0.098125,3
-0.162272,0.214567,2
0.222908,0.127536,3
0.163608,0.158397,3
0.609279,-0.647341,1
0.952519,-0.125952,2
-0.044269,0.192067,2
-0.555360,0.045283,2
0.384673,-0.428523,1
0.203635,0.900820,3
0.966595,0.055986,3
-0.215467,-0.438052,0
0.932962,-0.368745,2
-0.182267,0.933729,2
0.923750,0.072336,3
0.593058,-0.687876,1
0.974211,-0.569214,2
0.526692,0.197119,0
0.558322,-0.309701,1
-0.644484,0.167601,1
0.042958,-0.691965,2
-0.958352,0.998689,2
0.500102,-0.513712,1
0.043972,-0.115225,2
0.057765,-0.752392,2
-0.214405,0.024360,2
0.303593,0.570127,0
0.586308,0.236555,0
-0.798617,-0.595959,0
0.170285,-0.874867,2
0.476377,-0.236658,1
-0.562743,0.450587,1
0.194129,0.963948,3
-0.352294,-0.247550,0
-0.345752,0.003223,2
0.920051,0.697206,3
0.311258,0.961700,3
0.695896,-0.188640,1
-0.552012,-0.260132,0
0.696134,0.505753,0
-0.012524,-0.518271,3
-0.469888,-0.708931,0
-0.948143,-0.883580,3
0.527625,-0.746761,1
-0.479539,-0.302091,0
-0.621628,0.996837,2
0.461251,-0.184371,1
0.447425,-0.344620,1
-0.220423,-0.904869,3
0.407830,0.433825,0
0.098354,0.327882,3
0.131032,-0.590389,1
0.289581,-0.173072,1
0.220971,0.737569,0
0.566796,-0.082894,2
0.243322,-0.445728,1
0.398835,0.773434,0
-0.154659,0.450691,1
0.889854,-0.627034,2
0.703930,-0.589685,1
0.070875,-0.917698,2
-0.592847,-0.467874,0
-0.102069,0.854577,2
0.187506,0.677508,0
0.949708,-0.404663,2
0.111334,0.048062,3
0.923219,-0.757635,2
0.457673,0.212800,0
0.069293,-0.321356,2
-0.049631,-0.363911,3
0.595750,-0.806309,1
0.190361,-0.005415,2
0.967125,-0.964298,2
-0.554724,0.856979,1
-0.591332,-0.850794,0
-0.732706,0.479542,1
-0.768492,-0.325553,0
-0.988331,0.129439,2
-0.470976,0.199175,1
-0.193052,-0.521268,0
0.794512,0.918281,3
0.526794,0.717731,0
-0.839353,-0.015533,3
-0.069469,0.229940,2
0.663112,0.880900,3
0.866029,0.258862,3
-0.925410,0.056389,2
-0.746554,-0.958285,3
0.092091,-0.301278,2
0.898695,0.500759,0
-0.152072,-0.834011,3
-0.019699,0.079437,2
-0.159564,-0.008030,3
-0.791124,0.369460,1
-0.808855,0.015823,2
0.848192,0.985657,3
-0.065895,0.374986,2
0.703387,0.094752,3
-0.640546,-0.366082,0
-0.675309,-0.977435,3
-0.485182,-0.809280,0
0.281427,-0.410592,1
0.247109,0.534873,0
-0.368876,-0.660800,0
-0.766404,-0.470182,0
0.839959,0.081524,3
-0.304193,-0.179740,0
-0.839039,0.536244,1
0.812230,-0.630163,1
-0.094296,-0.996626,3
0.385660,-0.246104,1
0.989031,-0.680235,2
-0.871117,0.692419,2
0.414516,-0.511664,1
-0.673663,0.739208,1
-0.489098,-0.158845,0
0.929928,0.792329,3
0.430563,0.177037,0
0.327202,-0.938314,2
0.516237,0.560798,0
-0.408495,0.356196,1
-0.357678,0.287312,1
-0.823544,-0.196717,3
-0.176444,0.988685,2
0.173120,0.729259,0
0.992060,-0.441220,2
-0.516844,0.981091,2
-0.121455,-0.387962,0
0.673510,-0.706939,1
0.100375,0.999847,3
-0.967731,0.611277,2
-0.158998,0.962197,2
0.403605,-0.728436,1
0.139234,-0.269192,2
-0.666749,-0.344528,0
-0.708394,-0.075245,3
-0.988332,-0.066072,3
-0.787933,-0.811876,3
0.737211,0.035623,3
-0.823191,-0.089669,3
-0.235118,-0.831131,3
0.469111,0.248038,0
-0.850039,-0.652344,0
0.860076,0.823471,3
-0.359283,-0.039549,3
0.823318,-0.327014,1
-0.428272,-0.335681,0
-0.364817,0.975333,2
-0.064117,0.774417,2
-0.293859,0.269134,1
-0.570111,-0.002253,3
-0.806111,-0.558443,0
0.931675,-0.594044,2
-0.370319,0.668887,1
0.441579,-0.193510,1
-0.420782,-0.793539,0
-0.024641,-0.951671,3
0.454499,0.125320,0
-0.604015,0.314575,1
-0.051210,0.036702,2
-0.724974,-0.227892,0
0.709687,-0.153246,2
0.436427,-0.655130,1
-0.177913,-0.627689,0
-0.880713,0.528228,1
0.641444,-0.450824,1
-0.474025,0.835333,1
-0.009267,-0.542350,3
-0.758710,0.620413,1
-0.873464,0.682869,2
-0.573097,-0.294246,0
0.889330,0.402262,3
-0.245917,0.343829,1
-0.472418,0.150068,1
-0.341596,0.476372,1
-0.813231,-0.066570,3
-0.751520,0.896457,2
0.780184,0.684907,0
-0.758673,-0.397729,0
-0.942782,-0.639386,3
-0.869502,0.698662,2
-0.090210,-0.343527,3
0.533996,0.900523,3
0.114123,0.775285,3
0.520936,0.240659,0
0.458154,0.947839,3
0.946413,0.347484,3
0.350101,-0.299505,1
-0.308687,0.877683,2
0.850563,0.349717,0
0.354056,-0.962668,2
-0.716853,0.602536,1
0.933789,-0.936669,2
0.287443,-0.824884,1
-0.334399,0.344661,1
-0.464270,-0.203900,0
0.043324,0.445520,3
0.452573,-0.422680,1
0.346043,-0.433305,1
-0.647395,-0.133022,0
0.807354,0.810759,3
-0.185183,0.753767,2
0.158243,-0.835081,2
-0.545738,0.849556,1
-0.957398,-0.695175,3
0.199273,0.396657,0
-0.657843,0.482419,1
-0.000807,-0.724054,3
0.545750,-0.713363,1
-0.548938,-0.788649,0
0.631298,-0.013208,2
0.007451,-0.325378,2
-0.567688,-0.539976,0
0.251942,0.778354,0
0.026720,0.604547,3
-0.354667,-0.165926,0
0.415307,0.460150,0
-0.412160,-0.426450,0
0.625069,0.042102,3
-0.576894,0.667671,1
0.346928,0.622378,0
0.064328,0.689085,3
0.104798,-0.936478,2
0.965032,-0.349452,2
-0.649841,-0.583906,0
-0.138101,0.981457,2
0.402885,0.869350,0
-0.343920,0.835197,1
-0.670625,0.908022,2
0.613552,0.356094,0
0.512569,-0.741115,1
-0.809832,-0.072125,3
0.719035,-0.221992,1
0.501425,0.344104,0
0.820111,0.924531,3
0.011775,0.167038,3
0.546910,-0.923897,2
-0.143877,-0.348293,0
-0.860375,-0.178845,3
0.302255,-0.510216,1
0.237249,-0.835846,2
-0.528758,-0.359866,0
-0.966496,0.127321,2
-0.524669,-0.637121,0
0.035343,-0.911117,2
0.718973,-0.452089,1
-0.652232,0.909141,2
0.475787,-0.933197,2
-0.312851,-0.022788,3
0.410907,-0.492740,1
-0.098256,-0.577318,3
0.674298,-0.551347,1
-0.501215,-0.469578,0
0.100360,-0.361589,2
0.351577,-0.597385,1
0.128195,-0.411175,1
-0.433231,0.599436,1
0.228959,-0.399726,1
-0.273243,0.704291,1
-0.036847,0.762100,2
0.793173,-0.317874,1
-0.689988,-0.859059,3
-0.408732,0.785798,1
-0.792256,0.278417,1
-0.236989,0.618650,1
0.785677,0.664754,0
-0.958668,0.459975,2
-0.886593,-0.459883,0
0.990397,0.213768,3
0.178527,0.341974,0
0.616383,-0.693278,1
0.930799,-0.816847,2
0.906159,0.159758,3
-0.216573,-0.367084,0
-0.135951,0.746580,2
-0.604984,-0.342778,0
-0.571294,-0.294972,0
-0.201837,0.019974,2
-0.509174,0.005907,2
-0.701609,0.253837,1
-0.375443,-0.915932,3
-0.081409,-0.334111,3
0.544043,0.031999,3
0.206006,0.534440,0
-0.754233,-0.615467,0
-0.123586,0.862150,2
-0.308745,-0.192787,0
-0.954697,-0.402586,3
0.966971,-0.171270,2
0.230330,-0.168980,2
-0.424690,0.625346,1
0.488242,0.004016,3
-0.669626,-0.713595,0
-0.976010,-0.178800,3
0.292312,-0.677619,1
-0.924963,0.916868,2
-0.593551,-0.006372,3
-0.417243,0.950492,2
-0.974374,0.788763,2
0.484932,-0.728607,1
-0.826704,-0.638654,0
-0.866457,-0.135449,3
0.168559,-0.821154,2
0.461965,0.135531,0
0.007576,-0.307705,2
0.966550,0.582885,3
-0.682360,0.454793,1
-0.413099,-0.351986,0
0.741198,-0.389109,1
0.469214,0.033509,3
-0.066728,0.544250,2
-0.049622,0.339721,2
-0.462122,0.533135,1
0.290214,-0.436496,1
0.321898,-0.224854,1
-0.165103,0.495193,1
0.136492,-0.031559,2
-0.640256,-0.694948,0
0.147286,0.821709,3
0.440582,-0.845138,1
-0.485996,0.407133,1
0.737747,-0.168356,2
-0.138075,-0.675351,3
0.479658,-0.396877,1
-0.064460,-0.051128,3
0.636632,0.868813,0
-0.506878,-0.412990,0
0.208534,0.031000,3
-0.879855,-0.501252,0
0.594504,0.442043,0
0.273894,-0.570598,1
-0.062764,-0.589614,3
0.397842,0.296981,0
-0.284563,-0.454871,0
0.118690,-0.843981,2
-0.300009,0.632694,1
0.563152,-0.562262,1
-0.535662,-0.574923,0
-0.237613,0.943997,2
0.028200,0.697927,3
-0.107132,-0.335168,3
0.566740,0.385991,0
0.251843,-0.224726,1
-0.583009,0.371988,1
0.274021,-0.988505,2
-0.185969,-0.452085,0
-0.559103,0.751268,1
-0.041699,0.838739,2
0.048248,0.673738,3
-0.616132,-0.833061,0
0.829757,0.083859,3
0.799633,0.392910,0
0.521597,-0.736029,1
0.817987,-0.716016,1
-0.792033,-0.153813,3
0.981911,0.100836,3
0.511019,0.548650,0
-0.513174,-0.237138,0
-0.676076,-0.096183,3
-0.865150,0.597945,1
-0.084688,-0.051119,3
-0.854140,0.356208,1
-0.299852,0.104161,2
0.194947,0.748397,0
-0.222101,0.578815,1
0.915335,-0.392344,2
-0.337326,0.714968,1
-0.999434,-0.815729,3
0.978939,0.818553,3
-0.531746,-0.813094,0
-0.335261,-0.549835,0
0.287742,-0.824242,1
0.998815,0.774568,3
-0.061380,-0.677261,3
-0.321615,0.073470,2
0.920684,0.593697,3
-0.977650,-0.933455,3
-0.050095,-0.277502,3
0.170705,-0.855148,2
-0.529105,0.948604,2
0.723668,-0.613770,1
-0.443739,-0.613659,0
-0.898802,-0.443173,3
-0.429388,-0.919863,3
-0.624621,0.038866,2
-0.732957,0.040119,2
0.489031,0.554785,0
0.215877,0.487846,0
0.329353,-0.845503,1
0.810585,-0.992262,2
0.227967,0.731270,0
0.601435,0.250317,0
0.797814,-0.448660,1
0.972815,-0.031480,2
-0.303808,-0.556290,0
-0.082876,-0.580140,3
-0.170059,0.473385,1
-0.193799,-0.068861,3
-0.969788,0.376813,2
0.011276,-0.594409,2
-0.584321,0.278319,1
0.445710,0.904709,3
-0.166896,-0.338413,0
0.392556,-0.837543,1
-0.183916,0.203141,2
-0.829804,-0.955950,3
-0.065589,0.771631,2
0.294367,-0.267775,1
-0.677029,0.267182,1
0.700745,0.019163,3
0.710893,-0.382130,1
0.439023,-0.459166,1
-0.908745,-0.754776,3
0.471973,-0.878533,1
0.622037,-0.516751,1
-0.472942,-0.962285,3
0.761568,0.972768,3
0.942425,-0.405328,2
-0.365645,0.334980,1
-0.242870,0.450439,1
-0.461879,-0.072675,3
0.494489,0.472532,0
-0.301044,-0.211144,0
-0.795242,0.021926,2
-0.943961,0.905503,2
-0.958911,0.766932,2
-0.476628,0.480112,1
-0.692235,-0.385373,0
0.725336,0.779738,0
-0.263906,0.347373,1
-0.737013,0.263153,1
0.385088,-0.975445,2
0.235921,0.327513,0
-0.380773,0.870277,1
-0.337506,0.376357,1
0.320716,0.200615,0
-0.696318,-0.184795,0
-0.326852,0.002637,2
0.604061,-0.122095,1
-0.975437,0.660100,2
-0.216592,-0.934348,3
0.427032,0.306780,0
0.545765,0.734797,0
0.921408,0.271101,3
0.514535,-0.342498,1
-0.381526,0.777521,1
0.920655,-0.996438,2
0.802076,0.156576,3
0.331076,-0.578697,1
0.026853,0.993569,3
0.797660,-0.652432,1
0.194185,-0.898659,2
0.162773,0.867332,3
0.103978,-0.233165,2
-0.254763,0.128542,2
-0.573065,0.528645,1
0.194194,0.853966,3
-0.164574,-0.260041,3
0.588763,-0.243166,1
-0.988940,0.103298,2
0.414336,-0.370467,1
-0.119181,0.334991,2
-0.366904,-0.317105,0
-0.508433,0.964171,2
0.104198,0.518420,0
0.957741,-0.098143,2
0.865988,0.151925,3
0.003199,0.028761,3
0.019258,-0.892823,2
0.795596,0.764495,0
0.235719,-0.777469,1
0.293140,-0.570087,1
-0.923503,-0.871434,3
0.169872,0.665260,0
-0.114600,0.180932,2
-0.231442,-0.700265,0
0.810465,0.649377,0
0.634726,-0.556439,1
-0.667729,-0.873707,3
-0.592268,0.436469,1
0.644713,-0.634528,1
-0.661673,0.510700,1
0.517398,0.341526,0
-0.460538,-0.463345,0
0.448703,-0.664943,1
-0.698850,-0.315578,0
-0.442412,0.594291,1
0.114335,-0.365915,2
0.722857,-0.715793,1
-0.700655,-0.391744,0
0.465139,0.067903,3
-0.092008,0.275604,2
-0.282721,-0.457282,0
0.719164,0.049551,3
-0.330989,-0.873104,3
-0.513980,-0.686277,0
-0.507631,-0.175653,0
0.824424,-0.990233,2
-0.834127,-0.636115,0
-0.453578,0.614575,1
-0.301057,-0.152428,3
-0.701003,0.256531,1
-0.558137,0.413332,1
0.890616,-0.835281,2
0.697539,-0.810039,1
-0.227024,0.162677,2
0.257864,0.680967,0
-0.561719,0.975143,2
-0.776315,-0.842555,3
0.024693,-0.107304,2
-0.715658,0.510714,1
0.206419,-0.223290,2
-0.664939,0.030843,2
-0.213523,-0.499067,0
0.394729,0.332899,0
-0.884492,-0.906329,3
-0.819529,-0.585495,0
0.350202,-0.377666,1
0.827837,0.240818,3
-0.212947,0.525376,1
0.430779,0.560028,0
-0.311947,-0.311358,0
0.240996,0.126334,3
-0.336215,0.464681,1
0.283779,0.688479,0
-0.642623,0.568121,1
0.199192,0.563797,0
-0.655169,0.534253,1
-0.405360,0.131308,1
-0.964814,0.989368,2
-0.535794,-0.849306,0
-0.916960,-0.355323,3
-0.434800,0.433242,1
0.267011,-0.606963,1
-0.325941,-0.945936,3
0.918413,-0.895162,2
0.614092,-0.393535,1
-0.206520,-0.144912,3
0.732799,0.457265,0
-0.680231,0.016578,2
0.145744,-0.322854,1
-0.415301,-0.655064,0
-0.759057,-0.070470,3
0.879189,-0.164418,2
-0.939163,0.914375,2
-0.175049,-0.474956,0
-0.934931,-0.092010,3
0.169721,-0.369731,1
-0.658768,-0.563268,0
0.023306,0.015291,3
-0.509204,-0.058282,3
0.120129,-0.895112,2
0.548184,0.913610,3
-0.040024,0.280983,2
0.370875,0.279745,0
-0.702439,-0.483381,0
0.956891,-0.117740,2
-0.138445,-0.802166,3
0.811789,-0.259257,1
0.033416,0.872627,3
-0.344882,0.858367,1
-0.602329,-0.279813,0
-0.233643,0.567392,1
0.350456,0.107589,3
-0.995876,-0.626239,3
-0.877119,-0.505080,0
0.315480,0.243010,0
-0.400193,-0.136337,0
0.156620,0.559783,0
-0.855354,-0.472505,0
-0.160472,-0.557793,0
0.044113,-0.203581,2
0.324467,0.905668,3
-0.005747,0.136256,2
-0.353589,-0.972331,3
0.008883,0.301529,3
0.886036,0.406553,0
-0.978284,-0.347607,3
-0.026055,0.372172,2
0.759983,-0.021931,2
0.745933,0.882863,3
0.472988,0.061413,3
0.125874,-0.927204,2
0.925076,-0.717507,2
0.632579,-0.930278,2
-0.190012,-0.527893,0
-0.488071,0.854101,1
0.268526,0.836396,3
0.759769,-0.737221,1
-0.027348,-0.593820,3
-0.709552,0.981534,2
0.707710,-0.823516,1
0.388088,0.729426,0
-0.171123,-0.637967,0
0.101598,-0.411140,2
0.340102,-0.152469,1
-0.528276,-0.186910,0
0.908944,0.597597,3
-0.114114,0.834020,2
0.880090,-0.481534,1
0.903741,-0.309921,2
-0.009427,-0.584330,3
-0.455820,-0.740901,0
-0.747934,-0.696051,0
-0.478122,0.224718,1
-0.289870,-0.187674,0
0.206252,-0.582161,1
-0.011190,-0.405660,3
-0.852735,0.817687,2
-0.043627,0.248862,2
-0.593452,-0.703525,0
-0.903607,-0.121729,3
0.109565,-0.994663,2
-0.524132,0.995452,2
0.839356,-0.644041,1
-0.486082,0.743098,1
0.046037,0.504490,3
-0.841232,0.590217,1
0.763590,-0.589166,1
0.894166,-0.714532,2
0.635552,-0.395704,1
0.097794,-0.158195,2
0.022135,-0.913396,2
0.436145,0.169400,0
0.904291,-0.607482,2
-0.581738,-0.689161,0
-0.311007,-0.485345,0
0.189110,0.798559,3
-0.480008,0.664978,1
0.794011,-0.640652,1
-0.979063,-0.692072,3
-0.897554,0.066974,2
0.812418,-0.738786,1
-0.342809,0.576008,1
-0.327952,-0.448642,0
0.861476,-0.692400,2
0.155654,-0.040730,2
0.149405,-0.822211,2
0.045874,-0.414450,2
0.347189,-0.049835,2
-0.021932,0.765451,2
0.261004,0.667061,0
-0.719894,-0.549886,0
0.465619,-0.199901,1
-0.884908,0.259630,2
0.159447,-0.863971,2
0.567558,0.261893,0
0.203003,0.379976,0
0.523106,0.860194,0
-0.044016,-0.804846,3
-0.588448,-0.182540,0
-0.497245,0.567206,1
0.776730,0.652160,0
0.744995,-0.177397,2
-0.762291,0.092183,2
0.772768,0.215777,0
-0.142366,0.033772,2
-0.117162,0.137741,2
0.483885,-0.651543,1
0.937840,0.598977,3
0.608087,0.097286,3
0.735006,0.175645,3
-0.640821,-0.061991,3
-0.444378,0.882285,1
-0.201796,0.511606,1
-0.922560,0.209756,2
-0.670934,-0.419806,0
-0.223038,-0.894204,3
-0.767646,-0.478043,0
-0.071601,-0.529937,3
0.614140,-0.298833,1
0.685840,-0.528226,1
0.734939,-0.431322,1
0.609515,0.218825,0
-0.082864,0.547355,2
-0.182198,-0.474777,0
-0.355359,-0.447192,0
0.700868,0.003820,3
0.490817,-0.743511,1
-0.113895,-0.710979,3
0.768095,-0.036456,2
0.498776,-0.902838,2
0.543739,-0.724262,1
-0.797042,0.776093,2
-0.202305,0.131357,2
-0.753844,-0.588165,0
0.832524,0.931997,3
-0.116391,0.567464,1
-0.499325,-0.506876,0
-0.213712,0.417811,1
-0.959521,0.604090,2
0.943033,-0.314880,2
-0.843102,0.643901,1
0.688940,0.647715,0
0.900391,-0.424955,2
0.936736,0.668486,3
0.538590,0.435512,0
0.765648,0.082329,3
0.711250,0.968605,3
-0.141579,-0.491055,0
0.099962,0.104578,3
-0.079221,-0.067513,3
0.036574,0.804388,3
-0.500049,0.537250,1
-0.702487,0.286239,1
-0.044940,-0.662008,3
-0.109671,-0.101906,3
0.023113,0.047227,3
-0.458005,-0.287947,0
-0.305058,-0.557614,0
0.287098,-0.368323,1
-0.889128,-0.174312,3
-0.932810,0.876519,2
0.908016,0.778440,3
0.845125,-0.233562,2
-0.712615,-0.054913,3
0.871015,0.208164,3
0.877574,-0.092410,2
0.012552,-0.622475,2
-0.555161,0.310065,1
0.663763,0.399900,0
0.648057,-0.445908,1
-0.702007,-0.328830,0
0.601319,-0.160012,1
0.383223,-0.703739,1
0.282374,-0.329679,1
-0.072062,0.393245,2
0.496009,-0.004873,2
0.269765,0.404026,0
-0.226433,0.114889,2
-0.829537,0.060952,2
-0.940023,-0.958521,3
-0.730884,0.937551,2
-0.050931,0.281668,2
-0.684924,0.393908,1
-0.408267,0.978839,2
-0.206192,-0.760209,0
-0.467069,0.091801,2
-0.089039,-0.865750,3
0.931790,-0.705816,2
-0.569490,0.214163,1
-0.035495,0.358448,2
-0.392591,-0.539485,0
-0.646424,0.877173,2
0.864540,0.127143,3
-0.007937,-0.964996,3
-0.811905,0.052040,2
-0.923517,-0.542790,3
-0.010410,0.025552,2
0.738878,0.304666,0
-0.580540,-0.669388,0
0.283505,0.213268,0
-0.429598,0.816436,1
-0.694931,0.481363,1
0.950685,-0.763141,2
0.775547,-0.618805,1
0.451022,-0.259947,1
0.739644,-0.941569,2
0.200567,-0.906781,2
0.935604,0.065108,3
0.220362,-0.072333,2
0.100112,0.408457,3
0.979707,0.176595,3
0.865667,-0.030703,2
-0.797854,0.604546,1
-0.726037,-0.378394,0
0.935157,0.557468,3
0.834874,-0.494441,1
0.373903,-0.860057,1
0.986922,0.324589,3
-0.623198,0.762469,1
0.705784,0.827824,0
-0.497478,0.445428,1
0.886255,0.703089,3
0.538647,0.821859,0
-0.231803,-0.240991,0
-0.250474,0.868309,2
-0.832534,-0.270767,3
0.044904,-0.966866,2
0.698530,0.247050,0
0.637679,0.972493,3
0.868656,0.572836,0
0.529961,0.703530,0
-0.921604,-0.096136,3
0.843473,-0.934682,2
-0.771547,-0.779725,0
0.827788,0.934237,3
-0.951901,-0.669691,3
0.379664,0.934353,3
-0.966601,-0.081689,3
0.756212,-0.198404,1
0.677320,-0.494262,1
-0.330095,0.844787,1
0.234971,0.714809,0
0.877920,-0.066500,2
-0.038141,0.515599,2
-0.094007,-0.169484,3
0.088436,-0.564046,2
-0.465954,0.166831,1
0.339818,-0.622480,1
0.232150,0.568270,0
-0.402205,0.059937,2
0.502507,-0.354106,1
0.390247,-0.117829,1
-0.419753,0.423645,1
0.800482,-0.663540,1
-0.774759,0.477803,1
-0.157802,-0.104853,3
0.322590,-0.922832,2
-0.390044,0.200510,1
0.010669,0.571815,3
-0.283891,0.916662,2
-0.597669,0.804545,1
-0.647385,-0.063623,3
-0.028624,0.692433,2
0.313896,-0.796474,1
0.260703,0.911691,3
0.263463,-0.236790,1
-0.442415,-0.346291,0
0.645381,0.137832,0
-0.922645,0.445863,2
0.474292,-0.697404,1
-0.076334,-0.683511,3
0.197743,-0.753745,1
-0.606342,0.807699,1
0.446765,0.404326,0
0.379514,-0.837126,1
0.320988,0.781845,0
0.967419,0.673604,3
-0.281779,-0.061205,3
0.366037,-0.967882,2
0.142321,-0.373260,1
0.943809,-0.594216,2
0.389950,-0.498606,1
0.059494,0.035330,3
0.639226,0.136849,0
-0.518807,0.113518,1
0.439445,0.404859,0
0.430007,-0.362812,1
0.651114,0.823665,0
-0.555114,0.097880,2
0.227991,0.824400,3
0.260754,-0.451020,1
0.606245,0.228173,0
-0.777417,-0.675534,0
-0.833032,0.588620,1
-0.643416,0.309289,1
-0.784640,-0.699607,0
0.715074,0.605309,0
-0.198213,-0.225433,3
-0.359360,-0.558986,0
0.911416,0.121833,3
0.554532,0.350861,0
-0.473308,-0.015461,3
0.988048,-0.822193,2
-0.191796,-0.567065,0
0.275686,-0.963804,2
-0.742665,-0.463560,0
-0.414824,0.863580,1
0.764613,-0.192241,2
-0.811954,0.931581,2
-0.603621,-0.455370,0
0.240870,-0.388261,1
-0.154977,-0.044057,3
-0.782951,0.646810,1
0.730511,-0.142312,2
-0.912176,0.641927,2
0.979521,0.642356,3
-0.007212,-0.493786,3
-0.373105,-0.019164,3
-0.315980,0.435099,1
0.413771,0.959707,3
0.471295,0.671106,0
-0.503853,-0.943529,3
0.534685,-0.739241,1
-0.135770,0.722731,2
-0.807660,0.260609,1
-0.732639,0.433209,1
0.872348,0.112384,3
-0.610847,-0.910604,3
-0.240805,-0.880336,3
-0.052915,-0.152981,3
0.761591,-0.073394,2
-0.510625,-0.245622,0
0.432820,0.116270,0
0.735214,-0.883160,2
-0.448631,0.148985,1
-0.923453,-0.977336,3
-0.179909,-0.427307,0
-0.920865,-0.645223,3
-0.166548,-0.056635,3
-0.922492,0.025792,2
-0.796026,-0.655131,0
-0.540999,-0.923678,3
0.457253,-0.151846,1
-0.834282,-0.783552,3
-0.032182,0.112803,2
0.063466,-0.270591,2
-0.960591,0.552841,2
0.483787,0.472229,0
-0.330889,0.219001,1
0.589069,0.220480,0
-0.632013,0.665615,1
0.243144,0.188078,3
-0.761691,0.322279,1
0.542854,0.071761,3
-0.734356,0.620362,1
-0.902447,-0.530382,3
0.965231,-0.443446,2
-0.454060,0.422484,1
0.404708,-0.288342,1
0.638931,-0.627474,1
0.824461,-0.297602,1
0.101935,0.863870,3
-0.744761,-0.414279,0
0.336099,-0.075651,2
0.804723,-0.074832,2
-0.855171,-0.827291,3
-0.409217,0.387974,1
0.360787,-0.170908,1
-0.289747,-0.096359,3
0.900853,-0.024102,2
-0.475997,0.998406,2
0.445516,-0.510766,1
-0.445040,0.991456,2
0.911717,0.959668,3
-0.296886,0.550649,1
-0.667806,-0.472425,0
-0.746954,0.434128,1
-0.608555,-0.491715,0
-0.980150,0.727544,2
0.432635,0.824572,0
-0.347289,0.577464,1
0.997282,0.243494,3
-0.034562,0.358069,2
-0.927414,0.675691,2
-0.738290,0.973439,2
-0.348412,-0.214287,0
0.971844,-0.902896,2
0.274947,-0.473196,1
